,Unnamed: 0,LineId,Time,Level,Content,EventId,EventTemplate
0,0,1,Sun Dec 04 04:47:44 2005,notice,workerEnv.init() ok /etc/httpd/conf/workers2.properties,E2,workerEnv.init() ok <*>
1,1,2,Sun Dec 04 04:47:44 2005,error,mod_jk child workerEnv in error state 6,E3,mod_jk child workerEnv in error state <*>
2,2,3,Sun Dec 04 04:51:08 2005,notice,jk2_init() Found child 6725 in scoreboard slot 10,E1,jk2_init() Found child <*> in scoreboard slot <*>
3,3,4,Sun Dec 04 04:51:09 2005,notice,jk2_init() Found child 6726 in scoreboard slot 8,E1,jk2_init() Found child <*> in scoreboard slot <*>
4,4,5,Sun Dec 04 04:51:09 2005,notice,jk2_init() Found child 6728 in scoreboard slot 6,E1,jk2_init() Found child <*> in scoreboard slot <*>
5,5,6,Sun Dec 04 04:51:14 2005,notice,workerEnv.init() ok /etc/httpd/conf/workers2.properties,E2,workerEnv.init() ok <*>
6,6,7,Sun Dec 04 04:51:14 2005,notice,workerEnv.init() ok /etc/httpd/conf/workers2.properties,E2,workerEnv.init() ok <*>
7,7,8,Sun Dec 04 04:51:14 2005,notice,workerEnv.init() ok /etc/httpd/conf/workers2.properties,E2,workerEnv.init() ok <*>
8,8,9,Sun Dec 04 04:51:18 2005,error,mod_jk child workerEnv in error state 6,E3,mod_jk child workerEnv in error state <*>
9,9,10,Sun Dec 04 04:51:18 2005,error,mod_jk child workerEnv in error state 6,E3,mod_jk child workerEnv in error state <*>
10,10,11,Sun Dec 04 04:51:18 2005,error,mod_jk child workerEnv in error state 6,E3,mod_jk child workerEnv in error state <*>
11,11,12,Sun Dec 04 04:51:37 2005,notice,jk2_init() Found child 6736 in scoreboard slot 10,E1,jk2_init() Found child <*> in scoreboard slot <*>
12,12,13,Sun Dec 04 04:51:38 2005,notice,jk2_init() Found child 6733 in scoreboard slot 7,E1,jk2_init() Found child <*> in scoreboard slot <*>
13,13,14,Sun Dec 04 04:51:38 2005,notice,jk2_init() Found child 6734 in scoreboard slot 9,E1,jk2_init() Found child <*> in scoreboard slot <*>
14,14,15,Sun Dec 04 04:51:52 2005,notice,workerEnv.init() ok /etc/httpd/conf/workers2.properties,E2,workerEnv.init() ok <*>
15,15,16,Sun Dec 04 04:51:52 2005,notice,workerEnv.init() ok /etc/httpd/conf/workers2.properties,E2,workerEnv.init() ok <*>
16,16,17,Sun Dec 04 04:51:55 2005,error,mod_jk child workerEnv in error state 6,E3,mod_jk child workerEnv in error state <*>
17,17,18,Sun Dec 04 04:52:04 2005,notice,jk2_init() Found child 6738 in scoreboard slot 6,E1,jk2_init() Found child <*> in scoreboard slot <*>
18,18,19,Sun Dec 04 04:52:04 2005,notice,jk2_init() Found child 6741 in scoreboard slot 9,E1,jk2_init() Found child <*> in scoreboard slot <*>
19,19,20,Sun Dec 04 04:52:05 2005,notice,jk2_init() Found child 6740 in scoreboard slot 7,E1,jk2_init() Found child <*> in scoreboard slot <*>
20,20,21,Sun Dec 04 04:52:05 2005,notice,jk2_init() Found child 6737 in scoreboard slot 8,E1,jk2_init() Found child <*> in scoreboard slot <*>
21,21,22,Sun Dec 04 04:52:12 2005,notice,workerEnv.init() ok /etc/httpd/conf/workers2.properties,E2,workerEnv.init() ok <*>
22,22,23,Sun Dec 04 04:52:12 2005,notice,workerEnv.init() ok /etc/httpd/conf/workers2.properties,E2,workerEnv.init() ok <*>
23,23,24,Sun Dec 04 04:52:12 2005,notice,workerEnv.init() ok /etc/httpd/conf/workers2.properties,E2,workerEnv.init() ok <*>
24,24,25,Sun Dec 04 04:52:15 2005,error,mod_jk child workerEnv in error state 6,E3,mod_jk child workerEnv in error state <*>
25,25,26,Sun Dec 04 04:52:15 2005,error,mod_jk child workerEnv in error state 7,E3,mod_jk child workerEnv in error state <*>
26,26,27,Sun Dec 04 04:52:15 2005,error,mod_jk child workerEnv in error state 7,E3,mod_jk child workerEnv in error state <*>
27,27,28,Sun Dec 04 04:52:36 2005,notice,jk2_init() Found child 6748 in scoreboard slot 6,E1,jk2_init() Found child <*> in scoreboard slot <*>
28,28,29,Sun Dec 04 04:52:36 2005,notice,jk2_init() Found child 6744 in scoreboard slot 10,E1,jk2_init() Found child <*> in scoreboard slot <*>
29,29,30,Sun Dec 04 04:52:36 2005,notice,jk2_init() Found child 6745 in scoreboard slot 8,E1,jk2_init() Found child <*> in scoreboard slot <*>
30,30,31,Sun Dec 04 04:52:49 2005,notice,workerEnv.init() ok /etc/httpd/conf/workers2.properties,E2,workerEnv.init() ok <*>
31,31,32,Sun Dec 04 04:52:49 2005,notice,workerEnv.init() ok /etc/httpd/conf/workers2.properties,E2,workerEnv.init() ok <*>
32,32,33,Sun Dec 04 04:52:52 2005,error,mod_jk child workerEnv in error state 7,E3,mod_jk child workerEnv in error state <*>
33,33,34,Sun Dec 04 04:52:52 2005,error,mod_jk child workerEnv in error state 6,E3,mod_jk child workerEnv in error state <*>
34,34,35,Sun Dec 04 04:53:05 2005,notice,jk2_init() Found child 6750 in scoreboard slot 7,E1,jk2_init() Found child <*> in scoreboard slot <*>
35,35,36,Sun Dec 04 04:53:05 2005,notice,jk2_init() Found child 6751 in scoreboard slot 9,E1,jk2_init() Found child <*> in scoreboard slot <*>
36,36,37,Sun Dec 04 04:53:05 2005,notice,jk2_init() Found child 6752 in scoreboard slot 10,E1,jk2_init() Found child <*> in scoreboard slot <*>
37,37,38,Sun Dec 04 04:53:15 2005,notice,workerEnv.init() ok /etc/httpd/conf/workers2.properties,E2,workerEnv.init() ok <*>
38,38,39,Sun Dec 04 04:53:15 2005,notice,workerEnv.init() ok /etc/httpd/conf/workers2.properties,E2,workerEnv.init() ok <*>
39,39,40,Sun Dec 04 04:53:16 2005,error,mod_jk child workerEnv in error state 7,E3,mod_jk child workerEnv in error state <*>
40,40,41,Sun Dec 04 04:53:16 2005,error,mod_jk child workerEnv in error state 6,E3,mod_jk child workerEnv in error state <*>
41,41,42,Sun Dec 04 04:53:29 2005,notice,jk2_init() Found child 6754 in scoreboard slot 8,E1,jk2_init() Found child <*> in scoreboard slot <*>
42,42,43,Sun Dec 04 04:53:29 2005,notice,jk2_init() Found child 6755 in scoreboard slot 6,E1,jk2_init() Found child <*> in scoreboard slot <*>
43,43,44,Sun Dec 04 04:53:40 2005,notice,jk2_init() Found child 6756 in scoreboard slot 7,E1,jk2_init() Found child <*> in scoreboard slot <*>
44,44,45,Sun Dec 04 04:53:51 2005,notice,workerEnv.init() ok /etc/httpd/conf/workers2.properties,E2,workerEnv.init() ok <*>
45,45,46,Sun Dec 04 04:53:54 2005,error,mod_jk child workerEnv in error state 7,E3,mod_jk child workerEnv in error state <*>
46,46,47,Sun Dec 04 04:54:15 2005,notice,jk2_init() Found child 6763 in scoreboard slot 10,E1,jk2_init() Found child <*> in scoreboard slot <*>
47,47,48,Sun Dec 04 04:54:15 2005,notice,jk2_init() Found child 6766 in scoreboard slot 6,E1,jk2_init() Found child <*> in scoreboard slot <*>
48,48,49,Sun Dec 04 04:54:15 2005,notice,jk2_init() Found child 6767 in scoreboard slot 7,E1,jk2_init() Found child <*> in scoreboard slot <*>
49,49,50,Sun Dec 04 04:54:15 2005,notice,jk2_init() Found child 6765 in scoreboard slot 8,E1,jk2_init() Found child <*> in scoreboard slot <*>
50,50,51,Sun Dec 04 04:54:18 2005,notice,workerEnv.init() ok /etc/httpd/conf/workers2.properties,E2,workerEnv.init() ok <*>
51,51,52,Sun Dec 04 04:54:18 2005,notice,workerEnv.init() ok /etc/httpd/conf/workers2.properties,E2,workerEnv.init() ok <*>
52,52,53,Sun Dec 04 04:54:18 2005,notice,workerEnv.init() ok /etc/httpd/conf/workers2.properties,E2,workerEnv.init() ok <*>
53,53,54,Sun Dec 04 04:54:18 2005,notice,workerEnv.init() ok /etc/httpd/conf/workers2.properties,E2,workerEnv.init() ok <*>
54,54,55,Sun Dec 04 04:54:18 2005,error,mod_jk child workerEnv in error state 6,E3,mod_jk child workerEnv in error state <*>
55,55,56,Sun Dec 04 04:54:18 2005,error,mod_jk child workerEnv in error state 6,E3,mod_jk child workerEnv in error state <*>
56,56,57,Sun Dec 04 04:54:18 2005,error,mod_jk child workerEnv in error state 7,E3,mod_jk child workerEnv in error state <*>
57,57,58,Sun Dec 04 04:54:18 2005,error,mod_jk child workerEnv in error state 7,E3,mod_jk child workerEnv in error state <*>
58,58,59,Sun Dec 04 04:54:20 2005,notice,jk2_init() Found child 6768 in scoreboard slot 9,E1,jk2_init() Found child <*> in scoreboard slot <*>
59,59,60,Sun Dec 04 04:54:20 2005,notice,workerEnv.init() ok /etc/httpd/conf/workers2.properties,E2,workerEnv.init() ok <*>
60,60,61,Sun Dec 04 04:54:20 2005,error,mod_jk child workerEnv in error state 6,E3,mod_jk child workerEnv in error state <*>
61,61,62,Sun Dec 04 04:56:52 2005,notice,jk2_init() Found child 8527 in scoreboard slot 10,E1,jk2_init() Found child <*> in scoreboard slot <*>
62,62,63,Sun Dec 04 04:56:52 2005,notice,jk2_init() Found child 8533 in scoreboard slot 8,E1,jk2_init() Found child <*> in scoreboard slot <*>
63,63,64,Sun Dec 04 04:56:57 2005,notice,workerEnv.init() ok /etc/httpd/conf/workers2.properties,E2,workerEnv.init() ok <*>
64,64,65,Sun Dec 04 04:56:57 2005,notice,workerEnv.init() ok /etc/httpd/conf/workers2.properties,E2,workerEnv.init() ok <*>
65,65,66,Sun Dec 04 04:56:59 2005,error,mod_jk child workerEnv in error state 6,E3,mod_jk child workerEnv in error state <*>
66,66,67,Sun Dec 04 04:57:00 2005,error,mod_jk child workerEnv in error state 6,E3,mod_jk child workerEnv in error state <*>
67,67,68,Sun Dec 04 04:57:20 2005,notice,jk2_init() Found child 8536 in scoreboard slot 6,E1,jk2_init() Found child <*> in scoreboard slot <*>
68,68,69,Sun Dec 04 04:57:20 2005,notice,jk2_init() Found child 8539 in scoreboard slot 7,E1,jk2_init() Found child <*> in scoreboard slot <*>
69,69,70,Sun Dec 04 04:57:24 2005,notice,workerEnv.init() ok /etc/httpd/conf/workers2.properties,E2,workerEnv.init() ok <*>
70,70,71,Sun Dec 04 04:57:24 2005,notice,workerEnv.init() ok /etc/httpd/conf/workers2.properties,E2,workerEnv.init() ok <*>
71,71,72,Sun Dec 04 04:57:24 2005,error,mod_jk child workerEnv in error state 6,E3,mod_jk child workerEnv in error state <*>
72,72,73,Sun Dec 04 04:57:24 2005,error,mod_jk child workerEnv in error state 6,E3,mod_jk child workerEnv in error state <*>
73,73,74,Sun Dec 04 04:57:49 2005,notice,jk2_init() Found child 8541 in scoreboard slot 9,E1,jk2_init() Found child <*> in scoreboard slot <*>
74,74,75,Sun Dec 04 04:58:11 2005,notice,workerEnv.init() ok /etc/httpd/conf/workers2.properties,E2,workerEnv.init() ok <*>
75,75,76,Sun Dec 04 04:58:18 2005,error,mod_jk child workerEnv in error state 6,E3,mod_jk child workerEnv in error state <*>
76,76,77,Sun Dec 04 04:58:45 2005,notice,jk2_init() Found child 8547 in scoreboard slot 10,E1,jk2_init() Found child <*> in scoreboard slot <*>
77,77,78,Sun Dec 04 04:58:57 2005,notice,workerEnv.init() ok /etc/httpd/conf/workers2.properties,E2,workerEnv.init() ok <*>
78,78,79,Sun Dec 04 04:58:58 2005,error,mod_jk child workerEnv in error state 6,E3,mod_jk child workerEnv in error state <*>
79,79,80,Sun Dec 04 04:59:28 2005,notice,jk2_init() Found child 8554 in scoreboard slot 6,E1,jk2_init() Found child <*> in scoreboard slot <*>
80,80,81,Sun Dec 04 04:59:27 2005,notice,jk2_init() Found child 8553 in scoreboard slot 8,E1,jk2_init() Found child <*> in scoreboard slot <*>
81,81,82,Sun Dec 04 04:59:35 2005,notice,workerEnv.init() ok /etc/httpd/conf/workers2.properties,E2,workerEnv.init() ok <*>
82,82,83,Sun Dec 04 04:59:35 2005,notice,workerEnv.init() ok /etc/httpd/conf/workers2.properties,E2,workerEnv.init() ok <*>
83,83,84,Sun Dec 04 04:59:38 2005,error,mod_jk child workerEnv in error state 6,E3,mod_jk child workerEnv in error state <*>
84,84,85,Sun Dec 04 04:59:38 2005,error,mod_jk child workerEnv in error state 6,E3,mod_jk child workerEnv in error state <*>
85,85,86,Sun Dec 04 05:00:03 2005,notice,jk2_init() Found child 8560 in scoreboard slot 7,E1,jk2_init() Found child <*> in scoreboard slot <*>
86,86,87,Sun Dec 04 05:00:09 2005,notice,workerEnv.init() ok /etc/httpd/conf/workers2.properties,E2,workerEnv.init() ok <*>
87,87,88,Sun Dec 04 05:00:09 2005,error,mod_jk child workerEnv in error state 6,E3,mod_jk child workerEnv in error state <*>
88,88,89,Sun Dec 04 05:00:13 2005,notice,jk2_init() Found child 8565 in scoreboard slot 9,E1,jk2_init() Found child <*> in scoreboard slot <*>
89,89,90,Sun Dec 04 05:00:13 2005,notice,jk2_init() Found child 8573 in scoreboard slot 10,E1,jk2_init() Found child <*> in scoreboard slot <*>
90,90,91,Sun Dec 04 05:00:15 2005,notice,workerEnv.init() ok /etc/httpd/conf/workers2.properties,E2,workerEnv.init() ok <*>
91,91,92,Sun Dec 04 05:00:15 2005,error,mod_jk child workerEnv in error state 6,E3,mod_jk child workerEnv in error state <*>
92,92,93,Sun Dec 04 05:00:15 2005,notice,workerEnv.init() ok /etc/httpd/conf/workers2.properties,E2,workerEnv.init() ok <*>
93,93,94,Sun Dec 04 05:00:15 2005,error,mod_jk child workerEnv in error state 6,E3,mod_jk child workerEnv in error state <*>
94,94,95,Sun Dec 04 05:01:20 2005,notice,jk2_init() Found child 8584 in scoreboard slot 7,E1,jk2_init() Found child <*> in scoreboard slot <*>
95,95,96,Sun Dec 04 05:01:20 2005,notice,jk2_init() Found child 8587 in scoreboard slot 9,E1,jk2_init() Found child <*> in scoreboard slot <*>
96,96,97,Sun Dec 04 05:02:14 2005,notice,jk2_init() Found child 8603 in scoreboard slot 10,E1,jk2_init() Found child <*> in scoreboard slot <*>
97,97,98,Sun Dec 04 05:02:14 2005,notice,jk2_init() Found child 8605 in scoreboard slot 8,E1,jk2_init() Found child <*> in scoreboard slot <*>
98,98,99,Sun Dec 04 05:04:03 2005,notice,jk2_init() Found child 8764 in scoreboard slot 10,E1,jk2_init() Found child <*> in scoreboard slot <*>
99,99,100,Sun Dec 04 05:04:03 2005,notice,jk2_init() Found child 8765 in scoreboard slot 11,E1,jk2_init() Found child <*> in scoreboard slot <*>
100,100,101,Sun Dec 04 05:04:03 2005,notice,jk2_init() Found child 8763 in scoreboard slot 9,E1,jk2_init() Found child <*> in scoreboard slot <*>
101,101,102,Sun Dec 04 05:04:03 2005,notice,jk2_init() Found child 8744 in scoreboard slot 8,E1,jk2_init() Found child <*> in scoreboard slot <*>
102,102,103,Sun Dec 04 05:04:03 2005,notice,jk2_init() Found child 8743 in scoreboard slot 7,E1,jk2_init() Found child <*> in scoreboard slot <*>
103,103,104,Sun Dec 04 05:04:03 2005,notice,jk2_init() Found child 8738 in scoreboard slot 6,E1,jk2_init() Found child <*> in scoreboard slot <*>
104,104,105,Sun Dec 04 05:04:03 2005,notice,jk2_init() Found child 8766 in scoreboard slot 12,E1,jk2_init() Found child <*> in scoreboard slot <*>
105,105,106,Sun Dec 04 05:04:04 2005,notice,workerEnv.init() ok /etc/httpd/conf/workers2.properties,E2,workerEnv.init() ok <*>
106,106,107,Sun Dec 04 05:04:04 2005,error,mod_jk child workerEnv in error state 7,E3,mod_jk child workerEnv in error state <*>
107,107,108,Sun Dec 04 05:04:04 2005,notice,workerEnv.init() ok /etc/httpd/conf/workers2.properties,E2,workerEnv.init() ok <*>
108,108,109,Sun Dec 04 05:04:04 2005,error,mod_jk child workerEnv in error state 6,E3,mod_jk child workerEnv in error state <*>
109,109,110,Sun Dec 04 05:04:04 2005,notice,workerEnv.init() ok /etc/httpd/conf/workers2.properties,E2,workerEnv.init() ok <*>
110,110,111,Sun Dec 04 05:04:04 2005,error,mod_jk child workerEnv in error state 7,E3,mod_jk child workerEnv in error state <*>
111,111,112,Sun Dec 04 05:04:04 2005,notice,workerEnv.init() ok /etc/httpd/conf/workers2.properties,E2,workerEnv.init() ok <*>
112,112,113,Sun Dec 04 05:04:04 2005,error,mod_jk child workerEnv in error state 7,E3,mod_jk child workerEnv in error state <*>
113,113,114,Sun Dec 04 05:04:04 2005,notice,workerEnv.init() ok /etc/httpd/conf/workers2.properties,E2,workerEnv.init() ok <*>
114,114,115,Sun Dec 04 05:04:04 2005,error,mod_jk child workerEnv in error state 7,E3,mod_jk child workerEnv in error state <*>
115,115,116,Sun Dec 04 05:04:04 2005,notice,workerEnv.init() ok /etc/httpd/conf/workers2.properties,E2,workerEnv.init() ok <*>
116,116,117,Sun Dec 04 05:04:04 2005,error,mod_jk child workerEnv in error state 6,E3,mod_jk child workerEnv in error state <*>
117,117,118,Sun Dec 04 05:04:04 2005,notice,workerEnv.init() ok /etc/httpd/conf/workers2.properties,E2,workerEnv.init() ok <*>
118,118,119,Sun Dec 04 05:04:04 2005,error,mod_jk child workerEnv in error state 6,E3,mod_jk child workerEnv in error state <*>
119,119,120,Sun Dec 04 05:11:51 2005,notice,jk2_init() Found child 25792 in scoreboard slot 6,E1,jk2_init() Found child <*> in scoreboard slot <*>
120,120,121,Sun Dec 04 05:12:07 2005,notice,workerEnv.init() ok /etc/httpd/conf/workers2.properties,E2,workerEnv.init() ok <*>
121,121,122,Sun Dec 04 05:12:10 2005,error,mod_jk child workerEnv in error state 6,E3,mod_jk child workerEnv in error state <*>
122,122,123,Sun Dec 04 05:12:26 2005,notice,jk2_init() Found child 25798 in scoreboard slot 7,E1,jk2_init() Found child <*> in scoreboard slot <*>
123,123,124,Sun Dec 04 05:12:26 2005,notice,jk2_init() Found child 25803 in scoreboard slot 8,E1,jk2_init() Found child <*> in scoreboard slot <*>
124,124,125,Sun Dec 04 05:12:28 2005,notice,workerEnv.init() ok /etc/httpd/conf/workers2.properties,E2,workerEnv.init() ok <*>
125,125,126,Sun Dec 04 05:12:28 2005,error,mod_jk child workerEnv in error state 6,E3,mod_jk child workerEnv in error state <*>
126,126,127,Sun Dec 04 05:12:28 2005,notice,workerEnv.init() ok /etc/httpd/conf/workers2.properties,E2,workerEnv.init() ok <*>
127,127,128,Sun Dec 04 05:12:28 2005,error,mod_jk child workerEnv in error state 6,E3,mod_jk child workerEnv in error state <*>
128,128,129,Sun Dec 04 05:12:30 2005,notice,jk2_init() Found child 25805 in scoreboard slot 9,E1,jk2_init() Found child <*> in scoreboard slot <*>
129,129,130,Sun Dec 04 05:12:30 2005,notice,workerEnv.init() ok /etc/httpd/conf/workers2.properties,E2,workerEnv.init() ok <*>
130,130,131,Sun Dec 04 05:12:30 2005,error,mod_jk child workerEnv in error state 6,E3,mod_jk child workerEnv in error state <*>
131,131,132,Sun Dec 04 05:15:09 2005,error,[client 222.166.160.184] Directory index forbidden by rule: /var/www/html/,E4,[client <*>] Directory index forbidden by rule: <*>
132,132,133,Sun Dec 04 05:15:13 2005,notice,jk2_init() Found child 1000 in scoreboard slot 10,E1,jk2_init() Found child <*> in scoreboard slot <*>
133,133,134,Sun Dec 04 05:15:16 2005,notice,workerEnv.init() ok /etc/httpd/conf/workers2.properties,E2,workerEnv.init() ok <*>
134,134,135,Sun Dec 04 05:15:16 2005,error,mod_jk child workerEnv in error state 6,E3,mod_jk child workerEnv in error state <*>
135,135,136,Sun Dec 04 06:01:00 2005,notice,jk2_init() Found child 32347 in scoreboard slot 6,E1,jk2_init() Found child <*> in scoreboard slot <*>
136,136,137,Sun Dec 04 06:01:00 2005,notice,jk2_init() Found child 32348 in scoreboard slot 7,E1,jk2_init() Found child <*> in scoreboard slot <*>
137,137,138,Sun Dec 04 06:01:21 2005,notice,workerEnv.init() ok /etc/httpd/conf/workers2.properties,E2,workerEnv.init() ok <*>
138,138,139,Sun Dec 04 06:01:21 2005,notice,workerEnv.init() ok /etc/httpd/conf/workers2.properties,E2,workerEnv.init() ok <*>
139,139,140,Sun Dec 04 06:01:30 2005,error,mod_jk child workerEnv in error state 6,E3,mod_jk child workerEnv in error state <*>
140,140,141,Sun Dec 04 06:01:42 2005,notice,jk2_init() Found child 32352 in scoreboard slot 9,E1,jk2_init() Found child <*> in scoreboard slot <*>
141,141,142,Sun Dec 04 06:01:42 2005,notice,jk2_init() Found child 32353 in scoreboard slot 10,E1,jk2_init() Found child <*> in scoreboard slot <*>
142,142,143,Sun Dec 04 06:01:42 2005,notice,jk2_init() Found child 32354 in scoreboard slot 6,E1,jk2_init() Found child <*> in scoreboard slot <*>
143,143,144,Sun Dec 04 06:02:01 2005,notice,workerEnv.init() ok /etc/httpd/conf/workers2.properties,E2,workerEnv.init() ok <*>
144,144,145,Sun Dec 04 06:02:02 2005,error,mod_jk child workerEnv in error state 7,E3,mod_jk child workerEnv in error state <*>
145,145,146,Sun Dec 04 06:02:05 2005,notice,jk2_init() Found child 32359 in scoreboard slot 9,E1,jk2_init() Found child <*> in scoreboard slot <*>
146,146,147,Sun Dec 04 06:02:05 2005,notice,jk2_init() Found child 32360 in scoreboard slot 11,E1,jk2_init() Found child <*> in scoreboard slot <*>
147,147,148,Sun Dec 04 06:02:05 2005,notice,jk2_init() Found child 32358 in scoreboard slot 8,E1,jk2_init() Found child <*> in scoreboard slot <*>
148,148,149,Sun Dec 04 06:02:05 2005,notice,jk2_init() Found child 32355 in scoreboard slot 7,E1,jk2_init() Found child <*> in scoreboard slot <*>
149,149,150,Sun Dec 04 06:02:07 2005,notice,workerEnv.init() ok /etc/httpd/conf/workers2.properties,E2,workerEnv.init() ok <*>
150,150,151,Sun Dec 04 06:02:07 2005,error,mod_jk child workerEnv in error state 7,E3,mod_jk child workerEnv in error state <*>
151,151,152,Sun Dec 04 06:02:07 2005,notice,workerEnv.init() ok /etc/httpd/conf/workers2.properties,E2,workerEnv.init() ok <*>
152,152,153,Sun Dec 04 06:02:07 2005,error,mod_jk child workerEnv in error state 6,E3,mod_jk child workerEnv in error state <*>
153,153,154,Sun Dec 04 06:02:07 2005,notice,workerEnv.init() ok /etc/httpd/conf/workers2.properties,E2,workerEnv.init() ok <*>
154,154,155,Sun Dec 04 06:02:07 2005,error,mod_jk child workerEnv in error state 6,E3,mod_jk child workerEnv in error state <*>
155,155,156,Sun Dec 04 06:02:07 2005,notice,workerEnv.init() ok /etc/httpd/conf/workers2.properties,E2,workerEnv.init() ok <*>
156,156,157,Sun Dec 04 06:02:07 2005,error,mod_jk child workerEnv in error state 6,E3,mod_jk child workerEnv in error state <*>
157,157,158,Sun Dec 04 06:06:00 2005,notice,jk2_init() Found child 32388 in scoreboard slot 8,E1,jk2_init() Found child <*> in scoreboard slot <*>
158,158,159,Sun Dec 04 06:06:00 2005,notice,jk2_init() Found child 32387 in scoreboard slot 7,E1,jk2_init() Found child <*> in scoreboard slot <*>
159,159,160,Sun Dec 04 06:06:00 2005,notice,jk2_init() Found child 32386 in scoreboard slot 6,E1,jk2_init() Found child <*> in scoreboard slot <*>
160,160,161,Sun Dec 04 06:06:10 2005,notice,workerEnv.init() ok /etc/httpd/conf/workers2.properties,E2,workerEnv.init() ok <*>
161,161,162,Sun Dec 04 06:06:11 2005,notice,workerEnv.init() ok /etc/httpd/conf/workers2.properties,E2,workerEnv.init() ok <*>
162,162,163,Sun Dec 04 06:06:12 2005,error,mod_jk child workerEnv in error state 6,E3,mod_jk child workerEnv in error state <*>
163,163,164,Sun Dec 04 06:06:12 2005,error,mod_jk child workerEnv in error state 6,E3,mod_jk child workerEnv in error state <*>
164,164,165,Sun Dec 04 06:06:20 2005,notice,jk2_init() Found child 32389 in scoreboard slot 9,E1,jk2_init() Found child <*> in scoreboard slot <*>
165,165,166,Sun Dec 04 06:06:24 2005,notice,jk2_init() Found child 32391 in scoreboard slot 10,E1,jk2_init() Found child <*> in scoreboard slot <*>
166,166,167,Sun Dec 04 06:06:24 2005,notice,jk2_init() Found child 32390 in scoreboard slot 8,E1,jk2_init() Found child <*> in scoreboard slot <*>
167,167,168,Sun Dec 04 06:06:24 2005,notice,jk2_init() Found child 32392 in scoreboard slot 6,E1,jk2_init() Found child <*> in scoreboard slot <*>
168,168,169,Sun Dec 04 06:06:26 2005,notice,workerEnv.init() ok /etc/httpd/conf/workers2.properties,E2,workerEnv.init() ok <*>
169,169,170,Sun Dec 04 06:06:26 2005,error,mod_jk child workerEnv in error state 7,E3,mod_jk child workerEnv in error state <*>
170,170,171,Sun Dec 04 06:06:26 2005,notice,workerEnv.init() ok /etc/httpd/conf/workers2.properties,E2,workerEnv.init() ok <*>
171,171,172,Sun Dec 04 06:06:26 2005,error,mod_jk child workerEnv in error state 6,E3,mod_jk child workerEnv in error state <*>
172,172,173,Sun Dec 04 06:06:26 2005,notice,workerEnv.init() ok /etc/httpd/conf/workers2.properties,E2,workerEnv.init() ok <*>
173,173,174,Sun Dec 04 06:06:26 2005,error,mod_jk child workerEnv in error state 6,E3,mod_jk child workerEnv in error state <*>
174,174,175,Sun Dec 04 06:06:26 2005,notice,workerEnv.init() ok /etc/httpd/conf/workers2.properties,E2,workerEnv.init() ok <*>
175,175,176,Sun Dec 04 06:06:26 2005,error,mod_jk child workerEnv in error state 7,E3,mod_jk child workerEnv in error state <*>
176,176,177,Sun Dec 04 06:11:11 2005,notice,jk2_init() Found child 32410 in scoreboard slot 7,E1,jk2_init() Found child <*> in scoreboard slot <*>
177,177,178,Sun Dec 04 06:11:11 2005,notice,jk2_init() Found child 32411 in scoreboard slot 9,E1,jk2_init() Found child <*> in scoreboard slot <*>
178,178,179,Sun Dec 04 06:12:31 2005,notice,jk2_init() Found child 32423 in scoreboard slot 9,E1,jk2_init() Found child <*> in scoreboard slot <*>
179,179,180,Sun Dec 04 06:12:31 2005,notice,jk2_init() Found child 32422 in scoreboard slot 8,E1,jk2_init() Found child <*> in scoreboard slot <*>
180,180,181,Sun Dec 04 06:12:31 2005,notice,jk2_init() Found child 32419 in scoreboard slot 6,E1,jk2_init() Found child <*> in scoreboard slot <*>
181,181,182,Sun Dec 04 06:12:31 2005,notice,jk2_init() Found child 32421 in scoreboard slot 11,E1,jk2_init() Found child <*> in scoreboard slot <*>
182,182,183,Sun Dec 04 06:12:31 2005,notice,jk2_init() Found child 32420 in scoreboard slot 7,E1,jk2_init() Found child <*> in scoreboard slot <*>
183,183,184,Sun Dec 04 06:12:31 2005,notice,jk2_init() Found child 32424 in scoreboard slot 10,E1,jk2_init() Found child <*> in scoreboard slot <*>
184,184,185,Sun Dec 04 06:12:37 2005,notice,workerEnv.init() ok /etc/httpd/conf/workers2.properties,E2,workerEnv.init() ok <*>
185,185,186,Sun Dec 04 06:12:37 2005,notice,workerEnv.init() ok /etc/httpd/conf/workers2.properties,E2,workerEnv.init() ok <*>
186,186,187,Sun Dec 04 06:12:37 2005,notice,workerEnv.init() ok /etc/httpd/conf/workers2.properties,E2,workerEnv.init() ok <*>
187,187,188,Sun Dec 04 06:12:37 2005,notice,workerEnv.init() ok /etc/httpd/conf/workers2.properties,E2,workerEnv.init() ok <*>
188,188,189,Sun Dec 04 06:12:37 2005,notice,workerEnv.init() ok /etc/httpd/conf/workers2.properties,E2,workerEnv.init() ok <*>
189,189,190,Sun Dec 04 06:12:40 2005,error,mod_jk child workerEnv in error state 6,E3,mod_jk child workerEnv in error state <*>
190,190,191,Sun Dec 04 06:12:40 2005,error,mod_jk child workerEnv in error state 6,E3,mod_jk child workerEnv in error state <*>
191,191,192,Sun Dec 04 06:12:40 2005,error,mod_jk child workerEnv in error state 6,E3,mod_jk child workerEnv in error state <*>
192,192,193,Sun Dec 04 06:12:40 2005,error,mod_jk child workerEnv in error state 7,E3,mod_jk child workerEnv in error state <*>
193,193,194,Sun Dec 04 06:12:40 2005,error,mod_jk child workerEnv in error state 7,E3,mod_jk child workerEnv in error state <*>
194,194,195,Sun Dec 04 06:12:59 2005,notice,jk2_init() Found child 32425 in scoreboard slot 6,E1,jk2_init() Found child <*> in scoreboard slot <*>
195,195,196,Sun Dec 04 06:13:01 2005,notice,workerEnv.init() ok /etc/httpd/conf/workers2.properties,E2,workerEnv.init() ok <*>
196,196,197,Sun Dec 04 06:13:01 2005,error,mod_jk child workerEnv in error state 6,E3,mod_jk child workerEnv in error state <*>
197,197,198,Sun Dec 04 06:16:10 2005,notice,jk2_init() Found child 32432 in scoreboard slot 7,E1,jk2_init() Found child <*> in scoreboard slot <*>
198,198,199,Sun Dec 04 06:16:10 2005,notice,jk2_init() Found child 32434 in scoreboard slot 9,E1,jk2_init() Found child <*> in scoreboard slot <*>
199,199,200,Sun Dec 04 06:16:10 2005,notice,jk2_init() Found child 32433 in scoreboard slot 8,E1,jk2_init() Found child <*> in scoreboard slot <*>
200,200,201,Sun Dec 04 06:16:21 2005,notice,workerEnv.init() ok /etc/httpd/conf/workers2.properties,E2,workerEnv.init() ok <*>
201,201,202,Sun Dec 04 06:16:21 2005,notice,workerEnv.init() ok /etc/httpd/conf/workers2.properties,E2,workerEnv.init() ok <*>
202,202,203,Sun Dec 04 06:16:23 2005,error,mod_jk child workerEnv in error state 6,E3,mod_jk child workerEnv in error state <*>
203,203,204,Sun Dec 04 06:16:23 2005,error,mod_jk child workerEnv in error state 7,E3,mod_jk child workerEnv in error state <*>
204,204,205,Sun Dec 04 06:16:21 2005,notice,jk2_init() Found child 32435 in scoreboard slot 10,E1,jk2_init() Found child <*> in scoreboard slot <*>
205,205,206,Sun Dec 04 06:16:21 2005,notice,workerEnv.init() ok /etc/httpd/conf/workers2.properties,E2,workerEnv.init() ok <*>
206,206,207,Sun Dec 04 06:16:23 2005,error,mod_jk child workerEnv in error state 6,E3,mod_jk child workerEnv in error state <*>
207,207,208,Sun Dec 04 06:16:37 2005,notice,workerEnv.init() ok /etc/httpd/conf/workers2.properties,E2,workerEnv.init() ok <*>
208,208,209,Sun Dec 04 06:16:39 2005,error,mod_jk child workerEnv in error state 6,E3,mod_jk child workerEnv in error state <*>
209,209,210,Sun Dec 04 06:16:51 2005,notice,jk2_init() Found child 32436 in scoreboard slot 6,E1,jk2_init() Found child <*> in scoreboard slot <*>
210,210,211,Sun Dec 04 06:16:51 2005,notice,jk2_init() Found child 32437 in scoreboard slot 7,E1,jk2_init() Found child <*> in scoreboard slot <*>
211,211,212,Sun Dec 04 06:17:02 2005,notice,workerEnv.init() ok /etc/httpd/conf/workers2.properties,E2,workerEnv.init() ok <*>
212,212,213,Sun Dec 04 06:17:02 2005,notice,workerEnv.init() ok /etc/httpd/conf/workers2.properties,E2,workerEnv.init() ok <*>
213,213,214,Sun Dec 04 06:17:05 2005,error,mod_jk child workerEnv in error state 6,E3,mod_jk child workerEnv in error state <*>
214,214,215,Sun Dec 04 06:17:06 2005,notice,jk2_init() Found child 32438 in scoreboard slot 8,E1,jk2_init() Found child <*> in scoreboard slot <*>
215,215,216,Sun Dec 04 06:17:18 2005,notice,workerEnv.init() ok /etc/httpd/conf/workers2.properties,E2,workerEnv.init() ok <*>
216,216,217,Sun Dec 04 06:17:24 2005,error,mod_jk child workerEnv in error state 6,E3,mod_jk child workerEnv in error state <*>
217,217,218,Sun Dec 04 06:17:23 2005,notice,jk2_init() Found child 32440 in scoreboard slot 10,E1,jk2_init() Found child <*> in scoreboard slot <*>
218,218,219,Sun Dec 04 06:17:23 2005,notice,jk2_init() Found child 32439 in scoreboard slot 9,E1,jk2_init() Found child <*> in scoreboard slot <*>
219,219,220,Sun Dec 04 06:17:23 2005,notice,jk2_init() Found child 32441 in scoreboard slot 6,E1,jk2_init() Found child <*> in scoreboard slot <*>
220,220,221,Sun Dec 04 06:17:33 2005,notice,workerEnv.init() ok /etc/httpd/conf/workers2.properties,E2,workerEnv.init() ok <*>
221,221,222,Sun Dec 04 06:17:33 2005,notice,workerEnv.init() ok /etc/httpd/conf/workers2.properties,E2,workerEnv.init() ok <*>
222,222,223,Sun Dec 04 06:17:35 2005,error,mod_jk child workerEnv in error state 6,E3,mod_jk child workerEnv in error state <*>
223,223,224,Sun Dec 04 06:17:35 2005,error,mod_jk child workerEnv in error state 7,E3,mod_jk child workerEnv in error state <*>
224,224,225,Sun Dec 04 06:17:55 2005,notice,jk2_init() Found child 32442 in scoreboard slot 7,E1,jk2_init() Found child <*> in scoreboard slot <*>
225,225,226,Sun Dec 04 06:17:55 2005,notice,jk2_init() Found child 32443 in scoreboard slot 8,E1,jk2_init() Found child <*> in scoreboard slot <*>
226,226,227,Sun Dec 04 06:17:55 2005,notice,jk2_init() Found child 32444 in scoreboard slot 9,E1,jk2_init() Found child <*> in scoreboard slot <*>
227,227,228,Sun Dec 04 06:18:08 2005,notice,workerEnv.init() ok /etc/httpd/conf/workers2.properties,E2,workerEnv.init() ok <*>
228,228,229,Sun Dec 04 06:18:08 2005,notice,workerEnv.init() ok /etc/httpd/conf/workers2.properties,E2,workerEnv.init() ok <*>
229,229,230,Sun Dec 04 06:18:11 2005,error,mod_jk child workerEnv in error state 7,E3,mod_jk child workerEnv in error state <*>
230,230,231,Sun Dec 04 06:18:11 2005,error,mod_jk child workerEnv in error state 6,E3,mod_jk child workerEnv in error state <*>
231,231,232,Sun Dec 04 06:18:12 2005,notice,jk2_init() Found child 32445 in scoreboard slot 10,E1,jk2_init() Found child <*> in scoreboard slot <*>
232,232,233,Sun Dec 04 06:18:23 2005,notice,workerEnv.init() ok /etc/httpd/conf/workers2.properties,E2,workerEnv.init() ok <*>
233,233,234,Sun Dec 04 06:18:31 2005,error,mod_jk child workerEnv in error state 6,E3,mod_jk child workerEnv in error state <*>
234,234,235,Sun Dec 04 06:18:41 2005,notice,jk2_init() Found child 32447 in scoreboard slot 7,E1,jk2_init() Found child <*> in scoreboard slot <*>
235,235,236,Sun Dec 04 06:18:39 2005,notice,jk2_init() Found child 32446 in scoreboard slot 6,E1,jk2_init() Found child <*> in scoreboard slot <*>
236,236,237,Sun Dec 04 06:18:40 2005,notice,jk2_init() Found child 32448 in scoreboard slot 8,E1,jk2_init() Found child <*> in scoreboard slot <*>
237,237,238,Sun Dec 04 06:18:53 2005,notice,workerEnv.init() ok /etc/httpd/conf/workers2.properties,E2,workerEnv.init() ok <*>
238,238,239,Sun Dec 04 06:18:53 2005,notice,workerEnv.init() ok /etc/httpd/conf/workers2.properties,E2,workerEnv.init() ok <*>
239,239,240,Sun Dec 04 06:18:55 2005,error,mod_jk child workerEnv in error state 6,E3,mod_jk child workerEnv in error state <*>
240,240,241,Sun Dec 04 06:18:55 2005,error,mod_jk child workerEnv in error state 7,E3,mod_jk child workerEnv in error state <*>
241,241,242,Sun Dec 04 06:19:05 2005,notice,jk2_init() Found child 32449 in scoreboard slot 9,E1,jk2_init() Found child <*> in scoreboard slot <*>
242,242,243,Sun Dec 04 06:19:15 2005,notice,workerEnv.init() ok /etc/httpd/conf/workers2.properties,E2,workerEnv.init() ok <*>
243,243,244,Sun Dec 04 06:19:19 2005,notice,jk2_init() Found child 32450 in scoreboard slot 10,E1,jk2_init() Found child <*> in scoreboard slot <*>
244,244,245,Sun Dec 04 06:19:18 2005,error,mod_jk child workerEnv in error state 6,E3,mod_jk child workerEnv in error state <*>
245,245,246,Sun Dec 04 06:19:19 2005,notice,jk2_init() Found child 32452 in scoreboard slot 7,E1,jk2_init() Found child <*> in scoreboard slot <*>
246,246,247,Sun Dec 04 06:19:19 2005,notice,jk2_init() Found child 32451 in scoreboard slot 6,E1,jk2_init() Found child <*> in scoreboard slot <*>
247,247,248,Sun Dec 04 06:19:31 2005,notice,workerEnv.init() ok /etc/httpd/conf/workers2.properties,E2,workerEnv.init() ok <*>
248,248,249,Sun Dec 04 06:19:31 2005,notice,workerEnv.init() ok /etc/httpd/conf/workers2.properties,E2,workerEnv.init() ok <*>
249,249,250,Sun Dec 04 06:19:34 2005,error,mod_jk child workerEnv in error state 6,E3,mod_jk child workerEnv in error state <*>
250,250,251,Sun Dec 04 06:19:34 2005,error,mod_jk child workerEnv in error state 7,E3,mod_jk child workerEnv in error state <*>
251,251,252,Sun Dec 04 06:19:56 2005,notice,jk2_init() Found child 32454 in scoreboard slot 7,E1,jk2_init() Found child <*> in scoreboard slot <*>
252,252,253,Sun Dec 04 06:19:56 2005,notice,jk2_init() Found child 32453 in scoreboard slot 8,E1,jk2_init() Found child <*> in scoreboard slot <*>
253,253,254,Sun Dec 04 06:19:56 2005,notice,jk2_init() Found child 32455 in scoreboard slot 9,E1,jk2_init() Found child <*> in scoreboard slot <*>
254,254,255,Sun Dec 04 06:20:30 2005,notice,jk2_init() Found child 32467 in scoreboard slot 9,E1,jk2_init() Found child <*> in scoreboard slot <*>
255,255,256,Sun Dec 04 06:20:30 2005,notice,jk2_init() Found child 32464 in scoreboard slot 8,E1,jk2_init() Found child <*> in scoreboard slot <*>
256,256,257,Sun Dec 04 06:20:30 2005,notice,jk2_init() Found child 32465 in scoreboard slot 7,E1,jk2_init() Found child <*> in scoreboard slot <*>
257,257,258,Sun Dec 04 06:20:30 2005,notice,jk2_init() Found child 32466 in scoreboard slot 11,E1,jk2_init() Found child <*> in scoreboard slot <*>
258,258,259,Sun Dec 04 06:20:30 2005,notice,jk2_init() Found child 32457 in scoreboard slot 6,E1,jk2_init() Found child <*> in scoreboard slot <*>
259,259,260,Sun Dec 04 06:20:44 2005,notice,workerEnv.init() ok /etc/httpd/conf/workers2.properties,E2,workerEnv.init() ok <*>
260,260,261,Sun Dec 04 06:20:44 2005,notice,workerEnv.init() ok /etc/httpd/conf/workers2.properties,E2,workerEnv.init() ok <*>
261,261,262,Sun Dec 04 06:20:44 2005,notice,workerEnv.init() ok /etc/httpd/conf/workers2.properties,E2,workerEnv.init() ok <*>
262,262,263,Sun Dec 04 06:20:46 2005,error,mod_jk child workerEnv in error state 6,E3,mod_jk child workerEnv in error state <*>
263,263,264,Sun Dec 04 06:20:46 2005,error,mod_jk child workerEnv in error state 7,E3,mod_jk child workerEnv in error state <*>
264,264,265,Sun Dec 04 06:20:46 2005,error,mod_jk child workerEnv in error state 8,E3,mod_jk child workerEnv in error state <*>
265,265,266,Sun Dec 04 06:22:18 2005,notice,jk2_init() Found child 32475 in scoreboard slot 8,E1,jk2_init() Found child <*> in scoreboard slot <*>
266,266,267,Sun Dec 04 06:22:48 2005,notice,jk2_init() Found child 32478 in scoreboard slot 11,E1,jk2_init() Found child <*> in scoreboard slot <*>
267,267,268,Sun Dec 04 06:22:48 2005,notice,jk2_init() Found child 32477 in scoreboard slot 10,E1,jk2_init() Found child <*> in scoreboard slot <*>
268,268,269,Sun Dec 04 06:22:48 2005,notice,jk2_init() Found child 32479 in scoreboard slot 6,E1,jk2_init() Found child <*> in scoreboard slot <*>
269,269,270,Sun Dec 04 06:22:48 2005,notice,jk2_init() Found child 32480 in scoreboard slot 8,E1,jk2_init() Found child <*> in scoreboard slot <*>
270,270,271,Sun Dec 04 06:22:48 2005,notice,jk2_init() Found child 32476 in scoreboard slot 7,E1,jk2_init() Found child <*> in scoreboard slot <*>
271,271,272,Sun Dec 04 06:22:53 2005,notice,workerEnv.init() ok /etc/httpd/conf/workers2.properties,E2,workerEnv.init() ok <*>
272,272,273,Sun Dec 04 06:22:53 2005,notice,workerEnv.init() ok /etc/httpd/conf/workers2.properties,E2,workerEnv.init() ok <*>
273,273,274,Sun Dec 04 06:22:53 2005,notice,workerEnv.init() ok /etc/httpd/conf/workers2.properties,E2,workerEnv.init() ok <*>
274,274,275,Sun Dec 04 06:22:53 2005,notice,workerEnv.init() ok /etc/httpd/conf/workers2.properties,E2,workerEnv.init() ok <*>
275,275,276,Sun Dec 04 06:22:53 2005,notice,workerEnv.init() ok /etc/httpd/conf/workers2.properties,E2,workerEnv.init() ok <*>
276,276,277,Sun Dec 04 06:22:55 2005,error,mod_jk child workerEnv in error state 6,E3,mod_jk child workerEnv in error state <*>
277,277,278,Sun Dec 04 06:22:55 2005,error,mod_jk child workerEnv in error state 6,E3,mod_jk child workerEnv in error state <*>
278,278,279,Sun Dec 04 06:22:55 2005,error,mod_jk child workerEnv in error state 6,E3,mod_jk child workerEnv in error state <*>
279,279,280,Sun Dec 04 06:22:55 2005,error,mod_jk child workerEnv in error state 7,E3,mod_jk child workerEnv in error state <*>
280,280,281,Sun Dec 04 06:22:55 2005,error,mod_jk child workerEnv in error state 8,E3,mod_jk child workerEnv in error state <*>
281,281,282,Sun Dec 04 06:23:12 2005,notice,jk2_init() Found child 32483 in scoreboard slot 7,E1,jk2_init() Found child <*> in scoreboard slot <*>
282,282,283,Sun Dec 04 06:23:15 2005,notice,workerEnv.init() ok /etc/httpd/conf/workers2.properties,E2,workerEnv.init() ok <*>
283,283,284,Sun Dec 04 06:23:15 2005,error,mod_jk child workerEnv in error state 6,E3,mod_jk child workerEnv in error state <*>
284,284,285,Sun Dec 04 06:30:41 2005,notice,jk2_init() Found child 32507 in scoreboard slot 9,E1,jk2_init() Found child <*> in scoreboard slot <*>
285,285,286,Sun Dec 04 06:30:43 2005,notice,workerEnv.init() ok /etc/httpd/conf/workers2.properties,E2,workerEnv.init() ok <*>
286,286,287,Sun Dec 04 06:30:43 2005,error,mod_jk child workerEnv in error state 6,E3,mod_jk child workerEnv in error state <*>
287,287,288,Sun Dec 04 06:36:07 2005,notice,jk2_init() Found child 32529 in scoreboard slot 6,E1,jk2_init() Found child <*> in scoreboard slot <*>
288,288,289,Sun Dec 04 06:36:07 2005,notice,jk2_init() Found child 32528 in scoreboard slot 10,E1,jk2_init() Found child <*> in scoreboard slot <*>
289,289,290,Sun Dec 04 06:36:10 2005,notice,workerEnv.init() ok /etc/httpd/conf/workers2.properties,E2,workerEnv.init() ok <*>
290,290,291,Sun Dec 04 06:36:10 2005,error,mod_jk child workerEnv in error state 6,E3,mod_jk child workerEnv in error state <*>
291,291,292,Sun Dec 04 06:36:10 2005,notice,workerEnv.init() ok /etc/httpd/conf/workers2.properties,E2,workerEnv.init() ok <*>
292,292,293,Sun Dec 04 06:36:10 2005,error,mod_jk child workerEnv in error state 6,E3,mod_jk child workerEnv in error state <*>
293,293,294,Sun Dec 04 06:40:54 2005,notice,jk2_init() Found child 32548 in scoreboard slot 9,E1,jk2_init() Found child <*> in scoreboard slot <*>
294,294,295,Sun Dec 04 06:40:54 2005,notice,jk2_init() Found child 32546 in scoreboard slot 8,E1,jk2_init() Found child <*> in scoreboard slot <*>
295,295,296,Sun Dec 04 06:40:55 2005,notice,jk2_init() Found child 32547 in scoreboard slot 7,E1,jk2_init() Found child <*> in scoreboard slot <*>
296,296,297,Sun Dec 04 06:41:04 2005,notice,workerEnv.init() ok /etc/httpd/conf/workers2.properties,E2,workerEnv.init() ok <*>
297,297,298,Sun Dec 04 06:41:04 2005,notice,workerEnv.init() ok /etc/httpd/conf/workers2.properties,E2,workerEnv.init() ok <*>
298,298,299,Sun Dec 04 06:41:04 2005,notice,workerEnv.init() ok /etc/httpd/conf/workers2.properties,E2,workerEnv.init() ok <*>
299,299,300,Sun Dec 04 06:41:07 2005,error,mod_jk child workerEnv in error state 6,E3,mod_jk child workerEnv in error state <*>
300,300,301,Sun Dec 04 06:41:08 2005,error,mod_jk child workerEnv in error state 6,E3,mod_jk child workerEnv in error state <*>
301,301,302,Sun Dec 04 06:41:08 2005,error,mod_jk child workerEnv in error state 6,E3,mod_jk child workerEnv in error state <*>
302,302,303,Sun Dec 04 06:41:29 2005,notice,jk2_init() Found child 32549 in scoreboard slot 10,E1,jk2_init() Found child <*> in scoreboard slot <*>
303,303,304,Sun Dec 04 06:41:29 2005,notice,jk2_init() Found child 32550 in scoreboard slot 6,E1,jk2_init() Found child <*> in scoreboard slot <*>
304,304,305,Sun Dec 04 06:41:45 2005,notice,workerEnv.init() ok /etc/httpd/conf/workers2.properties,E2,workerEnv.init() ok <*>
305,305,306,Sun Dec 04 06:41:45 2005,notice,workerEnv.init() ok /etc/httpd/conf/workers2.properties,E2,workerEnv.init() ok <*>
306,306,307,Sun Dec 04 06:41:46 2005,error,mod_jk child workerEnv in error state 6,E3,mod_jk child workerEnv in error state <*>
307,307,308,Sun Dec 04 06:41:46 2005,error,mod_jk child workerEnv in error state 6,E3,mod_jk child workerEnv in error state <*>
308,308,309,Sun Dec 04 06:42:11 2005,notice,jk2_init() Found child 32551 in scoreboard slot 8,E1,jk2_init() Found child <*> in scoreboard slot <*>
309,309,310,Sun Dec 04 06:42:11 2005,notice,jk2_init() Found child 32552 in scoreboard slot 7,E1,jk2_init() Found child <*> in scoreboard slot <*>
310,310,311,Sun Dec 04 06:42:25 2005,notice,workerEnv.init() ok /etc/httpd/conf/workers2.properties,E2,workerEnv.init() ok <*>
311,311,312,Sun Dec 04 06:42:23 2005,notice,jk2_init() Found child 32554 in scoreboard slot 10,E1,jk2_init() Found child <*> in scoreboard slot <*>
312,312,313,Sun Dec 04 06:42:25 2005,notice,workerEnv.init() ok /etc/httpd/conf/workers2.properties,E2,workerEnv.init() ok <*>
313,313,314,Sun Dec 04 06:42:23 2005,notice,jk2_init() Found child 32553 in scoreboard slot 9,E1,jk2_init() Found child <*> in scoreboard slot <*>
314,314,315,Sun Dec 04 06:42:30 2005,error,mod_jk child workerEnv in error state 6,E3,mod_jk child workerEnv in error state <*>
315,315,316,Sun Dec 04 06:42:30 2005,error,mod_jk child workerEnv in error state 6,E3,mod_jk child workerEnv in error state <*>
316,316,317,Sun Dec 04 06:42:53 2005,notice,workerEnv.init() ok /etc/httpd/conf/workers2.properties,E2,workerEnv.init() ok <*>
317,317,318,Sun Dec 04 06:42:53 2005,notice,workerEnv.init() ok /etc/httpd/conf/workers2.properties,E2,workerEnv.init() ok <*>
318,318,319,Sun Dec 04 06:42:58 2005,error,mod_jk child workerEnv in error state 6,E3,mod_jk child workerEnv in error state <*>
319,319,320,Sun Dec 04 06:42:58 2005,error,mod_jk child workerEnv in error state 6,E3,mod_jk child workerEnv in error state <*>
320,320,321,Sun Dec 04 06:43:20 2005,notice,jk2_init() Found child 32556 in scoreboard slot 8,E1,jk2_init() Found child <*> in scoreboard slot <*>
321,321,322,Sun Dec 04 06:43:20 2005,notice,jk2_init() Found child 32555 in scoreboard slot 6,E1,jk2_init() Found child <*> in scoreboard slot <*>
322,322,323,Sun Dec 04 06:43:20 2005,notice,jk2_init() Found child 32557 in scoreboard slot 7,E1,jk2_init() Found child <*> in scoreboard slot <*>
323,323,324,Sun Dec 04 06:43:34 2005,notice,workerEnv.init() ok /etc/httpd/conf/workers2.properties,E2,workerEnv.init() ok <*>
324,324,325,Sun Dec 04 06:43:34 2005,notice,workerEnv.init() ok /etc/httpd/conf/workers2.properties,E2,workerEnv.init() ok <*>
325,325,326,Sun Dec 04 06:43:34 2005,notice,workerEnv.init() ok /etc/httpd/conf/workers2.properties,E2,workerEnv.init() ok <*>
326,326,327,Sun Dec 04 06:43:40 2005,error,mod_jk child workerEnv in error state 6,E3,mod_jk child workerEnv in error state <*>
327,327,328,Sun Dec 04 06:43:40 2005,error,mod_jk child workerEnv in error state 6,E3,mod_jk child workerEnv in error state <*>
328,328,329,Sun Dec 04 06:43:56 2005,notice,jk2_init() Found child 32558 in scoreboard slot 9,E1,jk2_init() Found child <*> in scoreboard slot <*>
329,329,330,Sun Dec 04 06:44:18 2005,notice,jk2_init() Found child 32560 in scoreboard slot 6,E1,jk2_init() Found child <*> in scoreboard slot <*>
330,330,331,Sun Dec 04 06:44:18 2005,notice,jk2_init() Found child 32561 in scoreboard slot 8,E1,jk2_init() Found child <*> in scoreboard slot <*>
331,331,332,Sun Dec 04 06:44:39 2005,notice,jk2_init() Found child 32563 in scoreboard slot 9,E1,jk2_init() Found child <*> in scoreboard slot <*>
332,332,333,Sun Dec 04 06:44:39 2005,notice,jk2_init() Found child 32564 in scoreboard slot 10,E1,jk2_init() Found child <*> in scoreboard slot <*>
333,333,334,Sun Dec 04 06:44:39 2005,notice,jk2_init() Found child 32565 in scoreboard slot 11,E1,jk2_init() Found child <*> in scoreboard slot <*>
334,334,335,Sun Dec 04 06:45:32 2005,notice,jk2_init() Found child 32575 in scoreboard slot 6,E1,jk2_init() Found child <*> in scoreboard slot <*>
335,335,336,Sun Dec 04 06:45:32 2005,notice,jk2_init() Found child 32576 in scoreboard slot 7,E1,jk2_init() Found child <*> in scoreboard slot <*>
336,336,337,Sun Dec 04 06:45:32 2005,notice,jk2_init() Found child 32569 in scoreboard slot 9,E1,jk2_init() Found child <*> in scoreboard slot <*>
337,337,338,Sun Dec 04 06:45:32 2005,notice,jk2_init() Found child 32572 in scoreboard slot 10,E1,jk2_init() Found child <*> in scoreboard slot <*>
338,338,339,Sun Dec 04 06:45:32 2005,notice,jk2_init() Found child 32577 in scoreboard slot 11,E1,jk2_init() Found child <*> in scoreboard slot <*>
339,339,340,Sun Dec 04 06:45:50 2005,notice,workerEnv.init() ok /etc/httpd/conf/workers2.properties,E2,workerEnv.init() ok <*>
340,340,341,Sun Dec 04 06:45:50 2005,notice,workerEnv.init() ok /etc/httpd/conf/workers2.properties,E2,workerEnv.init() ok <*>
341,341,342,Sun Dec 04 06:45:57 2005,error,mod_jk child workerEnv in error state 7,E3,mod_jk child workerEnv in error state <*>
342,342,343,Sun Dec 04 06:46:13 2005,notice,jk2_init() Found child 32578 in scoreboard slot 8,E1,jk2_init() Found child <*> in scoreboard slot <*>
343,343,344,Sun Dec 04 06:46:13 2005,notice,jk2_init() Found child 32580 in scoreboard slot 6,E1,jk2_init() Found child <*> in scoreboard slot <*>
344,344,345,Sun Dec 04 06:46:12 2005,notice,jk2_init() Found child 32581 in scoreboard slot 7,E1,jk2_init() Found child <*> in scoreboard slot <*>
345,345,346,Sun Dec 04 06:46:13 2005,notice,jk2_init() Found child 32579 in scoreboard slot 9,E1,jk2_init() Found child <*> in scoreboard slot <*>
346,346,347,Sun Dec 04 06:46:30 2005,notice,workerEnv.init() ok /etc/httpd/conf/workers2.properties,E2,workerEnv.init() ok <*>
347,347,348,Sun Dec 04 06:46:30 2005,notice,workerEnv.init() ok /etc/httpd/conf/workers2.properties,E2,workerEnv.init() ok <*>
348,348,349,Sun Dec 04 06:46:31 2005,error,mod_jk child workerEnv in error state 8,E3,mod_jk child workerEnv in error state <*>
349,349,350,Sun Dec 04 06:46:31 2005,error,mod_jk child workerEnv in error state 7,E3,mod_jk child workerEnv in error state <*>
350,350,351,Sun Dec 04 06:46:32 2005,notice,jk2_init() Found child 32582 in scoreboard slot 10,E1,jk2_init() Found child <*> in scoreboard slot <*>
351,351,352,Sun Dec 04 06:46:32 2005,notice,jk2_init() Found child 32584 in scoreboard slot 9,E1,jk2_init() Found child <*> in scoreboard slot <*>
352,352,353,Sun Dec 04 06:46:32 2005,notice,jk2_init() Found child 32583 in scoreboard slot 8,E1,jk2_init() Found child <*> in scoreboard slot <*>
353,353,354,Sun Dec 04 06:46:33 2005,notice,workerEnv.init() ok /etc/httpd/conf/workers2.properties,E2,workerEnv.init() ok <*>
354,354,355,Sun Dec 04 06:46:33 2005,error,mod_jk child workerEnv in error state 8,E3,mod_jk child workerEnv in error state <*>
355,355,356,Sun Dec 04 06:46:34 2005,notice,workerEnv.init() ok /etc/httpd/conf/workers2.properties,E2,workerEnv.init() ok <*>
356,356,357,Sun Dec 04 06:46:34 2005,error,mod_jk child workerEnv in error state 10,E3,mod_jk child workerEnv in error state <*>
357,357,358,Sun Dec 04 06:46:34 2005,notice,workerEnv.init() ok /etc/httpd/conf/workers2.properties,E2,workerEnv.init() ok <*>
358,358,359,Sun Dec 04 06:46:34 2005,error,mod_jk child workerEnv in error state 8,E3,mod_jk child workerEnv in error state <*>
359,359,360,Sun Dec 04 06:47:19 2005,notice,jk2_init() Found child 32585 in scoreboard slot 6,E1,jk2_init() Found child <*> in scoreboard slot <*>
360,360,361,Sun Dec 04 06:47:30 2005,notice,jk2_init() Found child 32587 in scoreboard slot 10,E1,jk2_init() Found child <*> in scoreboard slot <*>
361,361,362,Sun Dec 04 06:47:30 2005,notice,jk2_init() Found child 32586 in scoreboard slot 7,E1,jk2_init() Found child <*> in scoreboard slot <*>
362,362,363,Sun Dec 04 06:47:34 2005,notice,jk2_init() Found child 32588 in scoreboard slot 8,E1,jk2_init() Found child <*> in scoreboard slot <*>
363,363,364,Sun Dec 04 06:47:38 2005,notice,workerEnv.init() ok /etc/httpd/conf/workers2.properties,E2,workerEnv.init() ok <*>
364,364,365,Sun Dec 04 06:47:39 2005,notice,workerEnv.init() ok /etc/httpd/conf/workers2.properties,E2,workerEnv.init() ok <*>
365,365,366,Sun Dec 04 06:47:39 2005,notice,workerEnv.init() ok /etc/httpd/conf/workers2.properties,E2,workerEnv.init() ok <*>
366,366,367,Sun Dec 04 06:47:43 2005,error,mod_jk child workerEnv in error state 6,E3,mod_jk child workerEnv in error state <*>
367,367,368,Sun Dec 04 06:48:09 2005,notice,jk2_init() Found child 32592 in scoreboard slot 10,E1,jk2_init() Found child <*> in scoreboard slot <*>
368,368,369,Sun Dec 04 06:48:09 2005,notice,jk2_init() Found child 32591 in scoreboard slot 7,E1,jk2_init() Found child <*> in scoreboard slot <*>
369,369,370,Sun Dec 04 06:48:22 2005,notice,jk2_init() Found child 32594 in scoreboard slot 6,E1,jk2_init() Found child <*> in scoreboard slot <*>
370,370,371,Sun Dec 04 06:48:22 2005,notice,jk2_init() Found child 32593 in scoreboard slot 8,E1,jk2_init() Found child <*> in scoreboard slot <*>
371,371,372,Sun Dec 04 06:48:48 2005,notice,jk2_init() Found child 32597 in scoreboard slot 10,E1,jk2_init() Found child <*> in scoreboard slot <*>
372,372,373,Sun Dec 04 06:49:06 2005,notice,jk2_init() Found child 32600 in scoreboard slot 9,E1,jk2_init() Found child <*> in scoreboard slot <*>
373,373,374,Sun Dec 04 06:49:06 2005,notice,jk2_init() Found child 32601 in scoreboard slot 7,E1,jk2_init() Found child <*> in scoreboard slot <*>
374,374,375,Sun Dec 04 06:49:23 2005,notice,workerEnv.init() ok /etc/httpd/conf/workers2.properties,E2,workerEnv.init() ok <*>
375,375,376,Sun Dec 04 06:49:24 2005,error,mod_jk child workerEnv in error state 8,E3,mod_jk child workerEnv in error state <*>
376,376,377,Sun Dec 04 06:49:40 2005,notice,jk2_init() Found child 32605 in scoreboard slot 9,E1,jk2_init() Found child <*> in scoreboard slot <*>
377,377,378,Sun Dec 04 06:49:40 2005,notice,jk2_init() Found child 32604 in scoreboard slot 6,E1,jk2_init() Found child <*> in scoreboard slot <*>
378,378,379,Sun Dec 04 06:51:13 2005,notice,jk2_init() Found child 32622 in scoreboard slot 7,E1,jk2_init() Found child <*> in scoreboard slot <*>
379,379,380,Sun Dec 04 06:51:14 2005,notice,jk2_init() Found child 32623 in scoreboard slot 11,E1,jk2_init() Found child <*> in scoreboard slot <*>
380,380,381,Sun Dec 04 06:51:13 2005,notice,jk2_init() Found child 32624 in scoreboard slot 8,E1,jk2_init() Found child <*> in scoreboard slot <*>
381,381,382,Sun Dec 04 06:51:13 2005,notice,jk2_init() Found child 32621 in scoreboard slot 9,E1,jk2_init() Found child <*> in scoreboard slot <*>
382,382,383,Sun Dec 04 06:51:23 2005,notice,workerEnv.init() ok /etc/httpd/conf/workers2.properties,E2,workerEnv.init() ok <*>
383,383,384,Sun Dec 04 06:51:23 2005,error,mod_jk child workerEnv in error state 7,E3,mod_jk child workerEnv in error state <*>
384,384,385,Sun Dec 04 06:51:23 2005,notice,workerEnv.init() ok /etc/httpd/conf/workers2.properties,E2,workerEnv.init() ok <*>
385,385,386,Sun Dec 04 06:51:23 2005,error,mod_jk child workerEnv in error state 6,E3,mod_jk child workerEnv in error state <*>
386,386,387,Sun Dec 04 06:51:23 2005,notice,workerEnv.init() ok /etc/httpd/conf/workers2.properties,E2,workerEnv.init() ok <*>
387,387,388,Sun Dec 04 06:51:23 2005,error,mod_jk child workerEnv in error state 8,E3,mod_jk child workerEnv in error state <*>
388,388,389,Sun Dec 04 06:51:23 2005,notice,workerEnv.init() ok /etc/httpd/conf/workers2.properties,E2,workerEnv.init() ok <*>
389,389,390,Sun Dec 04 06:51:23 2005,error,mod_jk child workerEnv in error state 6,E3,mod_jk child workerEnv in error state <*>
390,390,391,Sun Dec 04 06:51:25 2005,notice,jk2_init() Found child 32626 in scoreboard slot 6,E1,jk2_init() Found child <*> in scoreboard slot <*>
391,391,392,Sun Dec 04 06:51:26 2005,notice,workerEnv.init() ok /etc/httpd/conf/workers2.properties,E2,workerEnv.init() ok <*>
392,392,393,Sun Dec 04 06:51:26 2005,error,mod_jk child workerEnv in error state 9,E3,mod_jk child workerEnv in error state <*>
393,393,394,Sun Dec 04 06:52:07 2005,notice,jk2_init() Found child 32627 in scoreboard slot 9,E1,jk2_init() Found child <*> in scoreboard slot <*>
394,394,395,Sun Dec 04 06:52:08 2005,notice,jk2_init() Found child 32628 in scoreboard slot 7,E1,jk2_init() Found child <*> in scoreboard slot <*>
395,395,396,Sun Dec 04 06:52:13 2005,notice,workerEnv.init() ok /etc/httpd/conf/workers2.properties,E2,workerEnv.init() ok <*>
396,396,397,Sun Dec 04 06:52:14 2005,notice,workerEnv.init() ok /etc/httpd/conf/workers2.properties,E2,workerEnv.init() ok <*>
397,397,398,Sun Dec 04 06:52:15 2005,error,mod_jk child workerEnv in error state 6,E3,mod_jk child workerEnv in error state <*>
398,398,399,Sun Dec 04 06:52:15 2005,error,mod_jk child workerEnv in error state 6,E3,mod_jk child workerEnv in error state <*>
399,399,400,Sun Dec 04 06:52:27 2005,notice,jk2_init() Found child 32630 in scoreboard slot 8,E1,jk2_init() Found child <*> in scoreboard slot <*>
400,400,401,Sun Dec 04 06:52:27 2005,notice,jk2_init() Found child 32629 in scoreboard slot 10,E1,jk2_init() Found child <*> in scoreboard slot <*>
401,401,402,Sun Dec 04 06:52:39 2005,notice,workerEnv.init() ok /etc/httpd/conf/workers2.properties,E2,workerEnv.init() ok <*>
402,402,403,Sun Dec 04 06:52:39 2005,notice,workerEnv.init() ok /etc/httpd/conf/workers2.properties,E2,workerEnv.init() ok <*>
403,403,404,Sun Dec 04 06:52:41 2005,error,mod_jk child workerEnv in error state 9,E3,mod_jk child workerEnv in error state <*>
404,404,405,Sun Dec 04 06:52:41 2005,error,mod_jk child workerEnv in error state 6,E3,mod_jk child workerEnv in error state <*>
405,405,406,Sun Dec 04 06:53:04 2005,notice,jk2_init() Found child 32633 in scoreboard slot 9,E1,jk2_init() Found child <*> in scoreboard slot <*>
406,406,407,Sun Dec 04 06:53:04 2005,notice,jk2_init() Found child 32634 in scoreboard slot 11,E1,jk2_init() Found child <*> in scoreboard slot <*>
407,407,408,Sun Dec 04 06:53:04 2005,notice,jk2_init() Found child 32632 in scoreboard slot 7,E1,jk2_init() Found child <*> in scoreboard slot <*>
408,408,409,Sun Dec 04 06:53:23 2005,notice,workerEnv.init() ok /etc/httpd/conf/workers2.properties,E2,workerEnv.init() ok <*>
409,409,410,Sun Dec 04 06:53:26 2005,error,mod_jk child workerEnv in error state 6,E3,mod_jk child workerEnv in error state <*>
410,410,411,Sun Dec 04 06:53:38 2005,notice,jk2_init() Found child 32636 in scoreboard slot 6,E1,jk2_init() Found child <*> in scoreboard slot <*>
411,411,412,Sun Dec 04 06:53:37 2005,notice,jk2_init() Found child 32637 in scoreboard slot 7,E1,jk2_init() Found child <*> in scoreboard slot <*>
412,412,413,Sun Dec 04 06:53:37 2005,notice,jk2_init() Found child 32638 in scoreboard slot 9,E1,jk2_init() Found child <*> in scoreboard slot <*>
413,413,414,Sun Dec 04 06:54:04 2005,notice,jk2_init() Found child 32640 in scoreboard slot 8,E1,jk2_init() Found child <*> in scoreboard slot <*>
414,414,415,Sun Dec 04 06:54:04 2005,notice,jk2_init() Found child 32641 in scoreboard slot 6,E1,jk2_init() Found child <*> in scoreboard slot <*>
415,415,416,Sun Dec 04 06:54:04 2005,notice,jk2_init() Found child 32642 in scoreboard slot 7,E1,jk2_init() Found child <*> in scoreboard slot <*>
416,416,417,Sun Dec 04 06:54:35 2005,notice,jk2_init() Found child 32646 in scoreboard slot 6,E1,jk2_init() Found child <*> in scoreboard slot <*>
417,417,418,Sun Dec 04 06:55:00 2005,notice,jk2_init() Found child 32648 in scoreboard slot 9,E1,jk2_init() Found child <*> in scoreboard slot <*>
418,418,419,Sun Dec 04 06:55:00 2005,notice,jk2_init() Found child 32652 in scoreboard slot 7,E1,jk2_init() Found child <*> in scoreboard slot <*>
419,419,420,Sun Dec 04 06:55:00 2005,notice,jk2_init() Found child 32649 in scoreboard slot 10,E1,jk2_init() Found child <*> in scoreboard slot <*>
420,420,421,Sun Dec 04 06:55:00 2005,notice,jk2_init() Found child 32651 in scoreboard slot 6,E1,jk2_init() Found child <*> in scoreboard slot <*>
421,421,422,Sun Dec 04 06:55:00 2005,notice,jk2_init() Found child 32650 in scoreboard slot 8,E1,jk2_init() Found child <*> in scoreboard slot <*>
422,422,423,Sun Dec 04 06:55:19 2005,notice,workerEnv.init() ok /etc/httpd/conf/workers2.properties,E2,workerEnv.init() ok <*>
423,423,424,Sun Dec 04 06:55:19 2005,notice,workerEnv.init() ok /etc/httpd/conf/workers2.properties,E2,workerEnv.init() ok <*>
424,424,425,Sun Dec 04 06:55:19 2005,notice,workerEnv.init() ok /etc/httpd/conf/workers2.properties,E2,workerEnv.init() ok <*>
425,425,426,Sun Dec 04 06:55:23 2005,error,mod_jk child workerEnv in error state 6,E3,mod_jk child workerEnv in error state <*>
426,426,427,Sun Dec 04 06:55:23 2005,error,mod_jk child workerEnv in error state 8,E3,mod_jk child workerEnv in error state <*>
427,427,428,Sun Dec 04 06:55:23 2005,error,mod_jk child workerEnv in error state 9,E3,mod_jk child workerEnv in error state <*>
428,428,429,Sun Dec 04 06:55:55 2005,notice,jk2_init() Found child 32660 in scoreboard slot 6,E1,jk2_init() Found child <*> in scoreboard slot <*>
429,429,430,Sun Dec 04 06:55:54 2005,notice,jk2_init() Found child 32658 in scoreboard slot 10,E1,jk2_init() Found child <*> in scoreboard slot <*>
430,430,431,Sun Dec 04 06:55:54 2005,notice,jk2_init() Found child 32659 in scoreboard slot 8,E1,jk2_init() Found child <*> in scoreboard slot <*>
431,431,432,Sun Dec 04 06:55:54 2005,notice,jk2_init() Found child 32657 in scoreboard slot 9,E1,jk2_init() Found child <*> in scoreboard slot <*>
432,432,433,Sun Dec 04 06:56:10 2005,notice,workerEnv.init() ok /etc/httpd/conf/workers2.properties,E2,workerEnv.init() ok <*>
433,433,434,Sun Dec 04 06:56:17 2005,error,mod_jk child workerEnv in error state 6,E3,mod_jk child workerEnv in error state <*>
434,434,435,Sun Dec 04 06:56:37 2005,notice,jk2_init() Found child 32663 in scoreboard slot 10,E1,jk2_init() Found child <*> in scoreboard slot <*>
435,435,436,Sun Dec 04 06:56:37 2005,notice,jk2_init() Found child 32664 in scoreboard slot 8,E1,jk2_init() Found child <*> in scoreboard slot <*>
436,436,437,Sun Dec 04 06:57:19 2005,notice,jk2_init() Found child 32670 in scoreboard slot 6,E1,jk2_init() Found child <*> in scoreboard slot <*>
437,437,438,Sun Dec 04 06:57:19 2005,notice,jk2_init() Found child 32667 in scoreboard slot 9,E1,jk2_init() Found child <*> in scoreboard slot <*>
438,438,439,Sun Dec 04 06:57:19 2005,notice,jk2_init() Found child 32668 in scoreboard slot 10,E1,jk2_init() Found child <*> in scoreboard slot <*>
439,439,440,Sun Dec 04 06:57:19 2005,notice,jk2_init() Found child 32669 in scoreboard slot 8,E1,jk2_init() Found child <*> in scoreboard slot <*>
440,440,441,Sun Dec 04 06:57:19 2005,notice,jk2_init() Found child 32671 in scoreboard slot 7,E1,jk2_init() Found child <*> in scoreboard slot <*>
441,441,442,Sun Dec 04 06:57:23 2005,notice,workerEnv.init() ok /etc/httpd/conf/workers2.properties,E2,workerEnv.init() ok <*>
442,442,443,Sun Dec 04 06:57:23 2005,notice,workerEnv.init() ok /etc/httpd/conf/workers2.properties,E2,workerEnv.init() ok <*>
443,443,444,Sun Dec 04 06:57:23 2005,error,mod_jk child workerEnv in error state 6,E3,mod_jk child workerEnv in error state <*>
444,444,445,Sun Dec 04 06:57:23 2005,error,mod_jk child workerEnv in error state 6,E3,mod_jk child workerEnv in error state <*>
445,445,446,Sun Dec 04 06:57:23 2005,notice,workerEnv.init() ok /etc/httpd/conf/workers2.properties,E2,workerEnv.init() ok <*>
446,446,447,Sun Dec 04 06:57:23 2005,error,mod_jk child workerEnv in error state 9,E3,mod_jk child workerEnv in error state <*>
447,447,448,Sun Dec 04 06:57:23 2005,notice,workerEnv.init() ok /etc/httpd/conf/workers2.properties,E2,workerEnv.init() ok <*>
448,448,449,Sun Dec 04 06:57:23 2005,error,mod_jk child workerEnv in error state 8,E3,mod_jk child workerEnv in error state <*>
449,449,450,Sun Dec 04 06:57:24 2005,notice,workerEnv.init() ok /etc/httpd/conf/workers2.properties,E2,workerEnv.init() ok <*>
450,450,451,Sun Dec 04 06:57:24 2005,error,mod_jk child workerEnv in error state 9,E3,mod_jk child workerEnv in error state <*>
451,451,452,Sun Dec 04 06:58:12 2005,notice,jk2_init() Found child 32674 in scoreboard slot 8,E1,jk2_init() Found child <*> in scoreboard slot <*>
452,452,453,Sun Dec 04 06:58:13 2005,notice,jk2_init() Found child 32672 in scoreboard slot 9,E1,jk2_init() Found child <*> in scoreboard slot <*>
453,453,454,Sun Dec 04 06:58:13 2005,notice,jk2_init() Found child 32673 in scoreboard slot 10,E1,jk2_init() Found child <*> in scoreboard slot <*>
454,454,455,Sun Dec 04 06:58:27 2005,notice,jk2_init() Found child 32675 in scoreboard slot 6,E1,jk2_init() Found child <*> in scoreboard slot <*>
455,455,456,Sun Dec 04 06:58:28 2005,notice,workerEnv.init() ok /etc/httpd/conf/workers2.properties,E2,workerEnv.init() ok <*>
456,456,457,Sun Dec 04 06:58:28 2005,notice,workerEnv.init() ok /etc/httpd/conf/workers2.properties,E2,workerEnv.init() ok <*>
457,457,458,Sun Dec 04 06:58:29 2005,error,mod_jk child workerEnv in error state 6,E3,mod_jk child workerEnv in error state <*>
458,458,459,Sun Dec 04 06:58:29 2005,error,mod_jk child workerEnv in error state 6,E3,mod_jk child workerEnv in error state <*>
459,459,460,Sun Dec 04 06:58:51 2005,notice,workerEnv.init() ok /etc/httpd/conf/workers2.properties,E2,workerEnv.init() ok <*>
460,460,461,Sun Dec 04 06:58:53 2005,error,mod_jk child workerEnv in error state 6,E3,mod_jk child workerEnv in error state <*>
461,461,462,Sun Dec 04 06:58:54 2005,notice,jk2_init() Found child 32677 in scoreboard slot 7,E1,jk2_init() Found child <*> in scoreboard slot <*>
462,462,463,Sun Dec 04 06:58:54 2005,notice,jk2_init() Found child 32676 in scoreboard slot 9,E1,jk2_init() Found child <*> in scoreboard slot <*>
463,463,464,Sun Dec 04 06:58:54 2005,notice,jk2_init() Found child 32678 in scoreboard slot 10,E1,jk2_init() Found child <*> in scoreboard slot <*>
464,464,465,Sun Dec 04 06:59:28 2005,notice,jk2_init() Found child 32679 in scoreboard slot 8,E1,jk2_init() Found child <*> in scoreboard slot <*>
465,465,466,Sun Dec 04 06:59:28 2005,notice,jk2_init() Found child 32680 in scoreboard slot 6,E1,jk2_init() Found child <*> in scoreboard slot <*>
466,466,467,Sun Dec 04 06:59:34 2005,notice,jk2_init() Found child 32681 in scoreboard slot 9,E1,jk2_init() Found child <*> in scoreboard slot <*>
467,467,468,Sun Dec 04 06:59:34 2005,notice,jk2_init() Found child 32682 in scoreboard slot 7,E1,jk2_init() Found child <*> in scoreboard slot <*>
468,468,469,Sun Dec 04 06:59:38 2005,notice,workerEnv.init() ok /etc/httpd/conf/workers2.properties,E2,workerEnv.init() ok <*>
469,469,470,Sun Dec 04 06:59:40 2005,error,mod_jk child workerEnv in error state 6,E3,mod_jk child workerEnv in error state <*>
470,470,471,Sun Dec 04 06:59:45 2005,notice,workerEnv.init() ok /etc/httpd/conf/workers2.properties,E2,workerEnv.init() ok <*>
471,471,472,Sun Dec 04 06:59:45 2005,notice,workerEnv.init() ok /etc/httpd/conf/workers2.properties,E2,workerEnv.init() ok <*>
472,472,473,Sun Dec 04 06:59:47 2005,error,mod_jk child workerEnv in error state 8,E3,mod_jk child workerEnv in error state <*>
473,473,474,Sun Dec 04 06:59:47 2005,error,mod_jk child workerEnv in error state 7,E3,mod_jk child workerEnv in error state <*>
474,474,475,Sun Dec 04 06:59:59 2005,notice,jk2_init() Found child 32683 in scoreboard slot 10,E1,jk2_init() Found child <*> in scoreboard slot <*>
475,475,476,Sun Dec 04 07:00:06 2005,notice,jk2_init() Found child 32685 in scoreboard slot 6,E1,jk2_init() Found child <*> in scoreboard slot <*>
476,476,477,Sun Dec 04 07:00:32 2005,notice,jk2_init() Found child 32688 in scoreboard slot 11,E1,jk2_init() Found child <*> in scoreboard slot <*>
477,477,478,Sun Dec 04 07:00:32 2005,notice,jk2_init() Found child 32695 in scoreboard slot 8,E1,jk2_init() Found child <*> in scoreboard slot <*>
478,478,479,Sun Dec 04 07:00:32 2005,notice,jk2_init() Found child 32696 in scoreboard slot 6,E1,jk2_init() Found child <*> in scoreboard slot <*>
479,479,480,Sun Dec 04 07:01:25 2005,notice,jk2_init() Found child 32701 in scoreboard slot 10,E1,jk2_init() Found child <*> in scoreboard slot <*>
480,480,481,Sun Dec 04 07:01:26 2005,notice,jk2_init() Found child 32702 in scoreboard slot 11,E1,jk2_init() Found child <*> in scoreboard slot <*>
481,481,482,Sun Dec 04 07:01:55 2005,notice,jk2_init() Found child 32711 in scoreboard slot 10,E1,jk2_init() Found child <*> in scoreboard slot <*>
482,482,483,Sun Dec 04 07:01:55 2005,notice,jk2_init() Found child 32708 in scoreboard slot 7,E1,jk2_init() Found child <*> in scoreboard slot <*>
483,483,484,Sun Dec 04 07:01:55 2005,notice,jk2_init() Found child 32710 in scoreboard slot 9,E1,jk2_init() Found child <*> in scoreboard slot <*>
484,484,485,Sun Dec 04 07:01:55 2005,notice,jk2_init() Found child 32709 in scoreboard slot 8,E1,jk2_init() Found child <*> in scoreboard slot <*>
485,485,486,Sun Dec 04 07:01:57 2005,notice,jk2_init() Found child 32712 in scoreboard slot 6,E1,jk2_init() Found child <*> in scoreboard slot <*>
486,486,487,Sun Dec 04 07:02:01 2005,notice,workerEnv.init() ok /etc/httpd/conf/workers2.properties,E2,workerEnv.init() ok <*>
487,487,488,Sun Dec 04 07:02:01 2005,notice,workerEnv.init() ok /etc/httpd/conf/workers2.properties,E2,workerEnv.init() ok <*>
488,488,489,Sun Dec 04 07:02:01 2005,notice,workerEnv.init() ok /etc/httpd/conf/workers2.properties,E2,workerEnv.init() ok <*>
489,489,490,Sun Dec 04 07:02:01 2005,notice,workerEnv.init() ok /etc/httpd/conf/workers2.properties,E2,workerEnv.init() ok <*>
490,490,491,Sun Dec 04 07:02:01 2005,notice,workerEnv.init() ok /etc/httpd/conf/workers2.properties,E2,workerEnv.init() ok <*>
491,491,492,Sun Dec 04 07:02:03 2005,error,mod_jk child workerEnv in error state 9,E3,mod_jk child workerEnv in error state <*>
492,492,493,Sun Dec 04 07:02:03 2005,error,mod_jk child workerEnv in error state 8,E3,mod_jk child workerEnv in error state <*>
493,493,494,Sun Dec 04 07:02:03 2005,error,mod_jk child workerEnv in error state 8,E3,mod_jk child workerEnv in error state <*>
494,494,495,Sun Dec 04 07:02:03 2005,error,mod_jk child workerEnv in error state 6,E3,mod_jk child workerEnv in error state <*>
495,495,496,Sun Dec 04 07:02:03 2005,error,mod_jk child workerEnv in error state 6,E3,mod_jk child workerEnv in error state <*>
496,496,497,Sun Dec 04 07:02:52 2005,notice,jk2_init() Found child 32713 in scoreboard slot 7,E1,jk2_init() Found child <*> in scoreboard slot <*>
497,497,498,Sun Dec 04 07:03:23 2005,notice,jk2_init() Found child 32717 in scoreboard slot 10,E1,jk2_init() Found child <*> in scoreboard slot <*>
498,498,499,Sun Dec 04 07:03:48 2005,notice,jk2_init() Found child 32720 in scoreboard slot 8,E1,jk2_init() Found child <*> in scoreboard slot <*>
499,499,500,Sun Dec 04 07:04:27 2005,notice,jk2_init() Found child 32726 in scoreboard slot 8,E1,jk2_init() Found child <*> in scoreboard slot <*>
500,500,501,Sun Dec 04 07:04:55 2005,notice,jk2_init() Found child 32730 in scoreboard slot 7,E1,jk2_init() Found child <*> in scoreboard slot <*>
501,501,502,Sun Dec 04 07:04:55 2005,notice,jk2_init() Found child 32729 in scoreboard slot 6,E1,jk2_init() Found child <*> in scoreboard slot <*>
502,502,503,Sun Dec 04 07:04:55 2005,notice,jk2_init() Found child 32731 in scoreboard slot 8,E1,jk2_init() Found child <*> in scoreboard slot <*>
503,503,504,Sun Dec 04 07:05:44 2005,notice,jk2_init() Found child 32739 in scoreboard slot 7,E1,jk2_init() Found child <*> in scoreboard slot <*>
504,504,505,Sun Dec 04 07:05:44 2005,notice,jk2_init() Found child 32740 in scoreboard slot 8,E1,jk2_init() Found child <*> in scoreboard slot <*>
505,505,506,Sun Dec 04 07:06:11 2005,notice,jk2_init() Found child 32742 in scoreboard slot 10,E1,jk2_init() Found child <*> in scoreboard slot <*>
506,506,507,Sun Dec 04 07:07:23 2005,notice,jk2_init() Found child 32758 in scoreboard slot 7,E1,jk2_init() Found child <*> in scoreboard slot <*>
507,507,508,Sun Dec 04 07:07:23 2005,notice,jk2_init() Found child 32755 in scoreboard slot 8,E1,jk2_init() Found child <*> in scoreboard slot <*>
508,508,509,Sun Dec 04 07:07:23 2005,notice,jk2_init() Found child 32754 in scoreboard slot 11,E1,jk2_init() Found child <*> in scoreboard slot <*>
509,509,510,Sun Dec 04 07:07:30 2005,notice,workerEnv.init() ok /etc/httpd/conf/workers2.properties,E2,workerEnv.init() ok <*>
510,510,511,Sun Dec 04 07:07:30 2005,notice,workerEnv.init() ok /etc/httpd/conf/workers2.properties,E2,workerEnv.init() ok <*>
511,511,512,Sun Dec 04 07:07:30 2005,notice,workerEnv.init() ok /etc/httpd/conf/workers2.properties,E2,workerEnv.init() ok <*>
512,512,513,Sun Dec 04 07:07:30 2005,error,mod_jk child workerEnv in error state 9,E3,mod_jk child workerEnv in error state <*>
513,513,514,Sun Dec 04 07:07:30 2005,error,mod_jk child workerEnv in error state 10,E3,mod_jk child workerEnv in error state <*>
514,514,515,Sun Dec 04 07:07:30 2005,error,mod_jk child workerEnv in error state 8,E3,mod_jk child workerEnv in error state <*>
515,515,516,Sun Dec 04 07:08:02 2005,notice,jk2_init() Found child 32761 in scoreboard slot 6,E1,jk2_init() Found child <*> in scoreboard slot <*>
516,516,517,Sun Dec 04 07:08:02 2005,notice,jk2_init() Found child 32762 in scoreboard slot 9,E1,jk2_init() Found child <*> in scoreboard slot <*>
517,517,518,Sun Dec 04 07:08:02 2005,notice,jk2_init() Found child 32763 in scoreboard slot 10,E1,jk2_init() Found child <*> in scoreboard slot <*>
518,518,519,Sun Dec 04 07:08:04 2005,notice,workerEnv.init() ok /etc/httpd/conf/workers2.properties,E2,workerEnv.init() ok <*>
519,519,520,Sun Dec 04 07:08:04 2005,error,mod_jk child workerEnv in error state 7,E3,mod_jk child workerEnv in error state <*>
520,520,521,Sun Dec 04 07:08:04 2005,notice,workerEnv.init() ok /etc/httpd/conf/workers2.properties,E2,workerEnv.init() ok <*>
521,521,522,Sun Dec 04 07:08:04 2005,error,mod_jk child workerEnv in error state 6,E3,mod_jk child workerEnv in error state <*>
522,522,523,Sun Dec 04 07:08:04 2005,notice,workerEnv.init() ok /etc/httpd/conf/workers2.properties,E2,workerEnv.init() ok <*>
523,523,524,Sun Dec 04 07:08:04 2005,error,mod_jk child workerEnv in error state 7,E3,mod_jk child workerEnv in error state <*>
524,524,525,Sun Dec 04 07:10:54 2005,notice,jk2_init() Found child 308 in scoreboard slot 8,E1,jk2_init() Found child <*> in scoreboard slot <*>
525,525,526,Sun Dec 04 07:11:04 2005,notice,jk2_init() Found child 310 in scoreboard slot 6,E1,jk2_init() Found child <*> in scoreboard slot <*>
526,526,527,Sun Dec 04 07:11:04 2005,notice,jk2_init() Found child 309 in scoreboard slot 7,E1,jk2_init() Found child <*> in scoreboard slot <*>
527,527,528,Sun Dec 04 07:11:05 2005,notice,workerEnv.init() ok /etc/httpd/conf/workers2.properties,E2,workerEnv.init() ok <*>
528,528,529,Sun Dec 04 07:11:05 2005,error,mod_jk child workerEnv in error state 6,E3,mod_jk child workerEnv in error state <*>
529,529,530,Sun Dec 04 07:11:13 2005,notice,workerEnv.init() ok /etc/httpd/conf/workers2.properties,E2,workerEnv.init() ok <*>
530,530,531,Sun Dec 04 07:11:13 2005,notice,workerEnv.init() ok /etc/httpd/conf/workers2.properties,E2,workerEnv.init() ok <*>
531,531,532,Sun Dec 04 07:11:22 2005,error,mod_jk child workerEnv in error state 6,E3,mod_jk child workerEnv in error state <*>
532,532,533,Sun Dec 04 07:11:22 2005,error,mod_jk child workerEnv in error state 6,E3,mod_jk child workerEnv in error state <*>
533,533,534,Sun Dec 04 07:11:49 2005,notice,jk2_init() Found child 311 in scoreboard slot 9,E1,jk2_init() Found child <*> in scoreboard slot <*>
534,534,535,Sun Dec 04 07:12:05 2005,notice,workerEnv.init() ok /etc/httpd/conf/workers2.properties,E2,workerEnv.init() ok <*>
535,535,536,Sun Dec 04 07:12:08 2005,error,mod_jk child workerEnv in error state 6,E3,mod_jk child workerEnv in error state <*>
536,536,537,Sun Dec 04 07:12:22 2005,notice,jk2_init() Found child 312 in scoreboard slot 10,E1,jk2_init() Found child <*> in scoreboard slot <*>
537,537,538,Sun Dec 04 07:12:22 2005,notice,jk2_init() Found child 313 in scoreboard slot 8,E1,jk2_init() Found child <*> in scoreboard slot <*>
538,538,539,Sun Dec 04 07:12:40 2005,notice,workerEnv.init() ok /etc/httpd/conf/workers2.properties,E2,workerEnv.init() ok <*>
539,539,540,Sun Dec 04 07:12:40 2005,notice,workerEnv.init() ok /etc/httpd/conf/workers2.properties,E2,workerEnv.init() ok <*>
540,540,541,Sun Dec 04 07:12:44 2005,error,mod_jk child workerEnv in error state 6,E3,mod_jk child workerEnv in error state <*>
541,541,542,Sun Dec 04 07:12:44 2005,error,mod_jk child workerEnv in error state 6,E3,mod_jk child workerEnv in error state <*>
542,542,543,Sun Dec 04 07:13:09 2005,notice,jk2_init() Found child 314 in scoreboard slot 7,E1,jk2_init() Found child <*> in scoreboard slot <*>
543,543,544,Sun Dec 04 07:13:09 2005,notice,jk2_init() Found child 315 in scoreboard slot 6,E1,jk2_init() Found child <*> in scoreboard slot <*>
544,544,545,Sun Dec 04 07:13:10 2005,notice,jk2_init() Found child 316 in scoreboard slot 9,E1,jk2_init() Found child <*> in scoreboard slot <*>
545,545,546,Sun Dec 04 07:13:36 2005,notice,workerEnv.init() ok /etc/httpd/conf/workers2.properties,E2,workerEnv.init() ok <*>
546,546,547,Sun Dec 04 07:13:36 2005,notice,workerEnv.init() ok /etc/httpd/conf/workers2.properties,E2,workerEnv.init() ok <*>
547,547,548,Sun Dec 04 07:13:36 2005,notice,workerEnv.init() ok /etc/httpd/conf/workers2.properties,E2,workerEnv.init() ok <*>
548,548,549,Sun Dec 04 07:13:41 2005,error,mod_jk child workerEnv in error state 6,E3,mod_jk child workerEnv in error state <*>
549,549,550,Sun Dec 04 07:13:41 2005,error,mod_jk child workerEnv in error state 6,E3,mod_jk child workerEnv in error state <*>
550,550,551,Sun Dec 04 07:14:07 2005,notice,jk2_init() Found child 319 in scoreboard slot 7,E1,jk2_init() Found child <*> in scoreboard slot <*>
551,551,552,Sun Dec 04 07:14:07 2005,notice,jk2_init() Found child 317 in scoreboard slot 10,E1,jk2_init() Found child <*> in scoreboard slot <*>
552,552,553,Sun Dec 04 07:14:08 2005,notice,jk2_init() Found child 318 in scoreboard slot 8,E1,jk2_init() Found child <*> in scoreboard slot <*>
553,553,554,Sun Dec 04 07:14:21 2005,notice,workerEnv.init() ok /etc/httpd/conf/workers2.properties,E2,workerEnv.init() ok <*>
554,554,555,Sun Dec 04 07:14:29 2005,error,mod_jk child workerEnv in error state 7,E3,mod_jk child workerEnv in error state <*>
555,555,556,Sun Dec 04 07:14:47 2005,notice,jk2_init() Found child 321 in scoreboard slot 9,E1,jk2_init() Found child <*> in scoreboard slot <*>
556,556,557,Sun Dec 04 07:15:09 2005,notice,jk2_init() Found child 324 in scoreboard slot 11,E1,jk2_init() Found child <*> in scoreboard slot <*>
557,557,558,Sun Dec 04 07:15:09 2005,notice,jk2_init() Found child 323 in scoreboard slot 8,E1,jk2_init() Found child <*> in scoreboard slot <*>
558,558,559,Sun Dec 04 07:17:56 2005,notice,jk2_init() Found child 350 in scoreboard slot 9,E1,jk2_init() Found child <*> in scoreboard slot <*>
559,559,560,Sun Dec 04 07:17:56 2005,notice,jk2_init() Found child 353 in scoreboard slot 12,E1,jk2_init() Found child <*> in scoreboard slot <*>
560,560,561,Sun Dec 04 07:17:56 2005,notice,jk2_init() Found child 352 in scoreboard slot 11,E1,jk2_init() Found child <*> in scoreboard slot <*>
561,561,562,Sun Dec 04 07:17:56 2005,notice,jk2_init() Found child 349 in scoreboard slot 8,E1,jk2_init() Found child <*> in scoreboard slot <*>
562,562,563,Sun Dec 04 07:17:56 2005,notice,jk2_init() Found child 348 in scoreboard slot 7,E1,jk2_init() Found child <*> in scoreboard slot <*>
563,563,564,Sun Dec 04 07:17:56 2005,notice,jk2_init() Found child 347 in scoreboard slot 6,E1,jk2_init() Found child <*> in scoreboard slot <*>
564,564,565,Sun Dec 04 07:17:56 2005,notice,jk2_init() Found child 351 in scoreboard slot 10,E1,jk2_init() Found child <*> in scoreboard slot <*>
565,565,566,Sun Dec 04 07:18:00 2005,notice,workerEnv.init() ok /etc/httpd/conf/workers2.properties,E2,workerEnv.init() ok <*>
566,566,567,Sun Dec 04 07:18:00 2005,error,mod_jk child workerEnv in error state 7,E3,mod_jk child workerEnv in error state <*>
567,567,568,Sun Dec 04 07:18:00 2005,notice,workerEnv.init() ok /etc/httpd/conf/workers2.properties,E2,workerEnv.init() ok <*>
568,568,569,Sun Dec 04 07:18:00 2005,error,mod_jk child workerEnv in error state 6,E3,mod_jk child workerEnv in error state <*>
569,569,570,Sun Dec 04 07:18:00 2005,notice,workerEnv.init() ok /etc/httpd/conf/workers2.properties,E2,workerEnv.init() ok <*>
570,570,571,Sun Dec 04 07:18:00 2005,error,mod_jk child workerEnv in error state 7,E3,mod_jk child workerEnv in error state <*>
571,571,572,Sun Dec 04 07:18:00 2005,notice,workerEnv.init() ok /etc/httpd/conf/workers2.properties,E2,workerEnv.init() ok <*>
572,572,573,Sun Dec 04 07:18:00 2005,error,mod_jk child workerEnv in error state 8,E3,mod_jk child workerEnv in error state <*>
573,573,574,Sun Dec 04 07:18:00 2005,notice,workerEnv.init() ok /etc/httpd/conf/workers2.properties,E2,workerEnv.init() ok <*>
574,574,575,Sun Dec 04 07:18:00 2005,error,mod_jk child workerEnv in error state 7,E3,mod_jk child workerEnv in error state <*>
575,575,576,Sun Dec 04 07:18:00 2005,notice,workerEnv.init() ok /etc/httpd/conf/workers2.properties,E2,workerEnv.init() ok <*>
576,576,577,Sun Dec 04 07:18:00 2005,error,mod_jk child workerEnv in error state 6,E3,mod_jk child workerEnv in error state <*>
577,577,578,Sun Dec 04 07:18:00 2005,notice,workerEnv.init() ok /etc/httpd/conf/workers2.properties,E2,workerEnv.init() ok <*>
578,578,579,Sun Dec 04 07:18:00 2005,error,mod_jk child workerEnv in error state 7,E3,mod_jk child workerEnv in error state <*>
579,579,580,Sun Dec 04 07:45:45 2005,error,[client 63.13.186.196] Directory index forbidden by rule: /var/www/html/,E4,[client <*>] Directory index forbidden by rule: <*>
580,580,581,Sun Dec 04 08:54:17 2005,error,[client 147.31.138.75] Directory index forbidden by rule: /var/www/html/,E4,[client <*>] Directory index forbidden by rule: <*>
581,581,582,Sun Dec 04 09:35:12 2005,error,[client 207.203.80.15] Directory index forbidden by rule: /var/www/html/,E4,[client <*>] Directory index forbidden by rule: <*>
582,582,583,Sun Dec 04 10:53:30 2005,error,[client 218.76.139.20] Directory index forbidden by rule: /var/www/html/,E4,[client <*>] Directory index forbidden by rule: <*>
583,583,584,Sun Dec 04 11:11:07 2005,error,[client 24.147.151.74] Directory index forbidden by rule: /var/www/html/,E4,[client <*>] Directory index forbidden by rule: <*>
584,584,585,Sun Dec 04 11:33:18 2005,error,[client 211.141.93.88] Directory index forbidden by rule: /var/www/html/,E4,[client <*>] Directory index forbidden by rule: <*>
585,585,586,Sun Dec 04 11:42:43 2005,error,[client 216.127.124.16] Directory index forbidden by rule: /var/www/html/,E4,[client <*>] Directory index forbidden by rule: <*>
586,586,587,Sun Dec 04 12:33:13 2005,error,[client 208.51.151.210] Directory index forbidden by rule: /var/www/html/,E4,[client <*>] Directory index forbidden by rule: <*>
587,587,588,Sun Dec 04 13:32:32 2005,error,[client 65.68.235.27] Directory index forbidden by rule: /var/www/html/,E4,[client <*>] Directory index forbidden by rule: <*>
588,588,589,Sun Dec 04 14:29:00 2005,error,[client 4.245.93.87] Directory index forbidden by rule: /var/www/html/,E4,[client <*>] Directory index forbidden by rule: <*>
589,589,590,Sun Dec 04 15:18:36 2005,error,[client 67.154.58.130] Directory index forbidden by rule: /var/www/html/,E4,[client <*>] Directory index forbidden by rule: <*>
590,590,591,Sun Dec 04 15:59:01 2005,error,[client 24.83.37.136] Directory index forbidden by rule: /var/www/html/,E4,[client <*>] Directory index forbidden by rule: <*>
591,591,592,Sun Dec 04 16:24:03 2005,notice,jk2_init() Found child 1219 in scoreboard slot 6,E1,jk2_init() Found child <*> in scoreboard slot <*>
592,592,593,Sun Dec 04 16:24:05 2005,error,[client 58.225.62.140] Directory index forbidden by rule: /var/www/html/,E4,[client <*>] Directory index forbidden by rule: <*>
593,593,594,Sun Dec 04 16:24:06 2005,notice,workerEnv.init() ok /etc/httpd/conf/workers2.properties,E2,workerEnv.init() ok <*>
594,594,595,Sun Dec 04 16:24:06 2005,error,mod_jk child workerEnv in error state 6,E3,mod_jk child workerEnv in error state <*>
595,595,596,Sun Dec 04 16:31:07 2005,notice,jk2_init() Found child 1248 in scoreboard slot 7,E1,jk2_init() Found child <*> in scoreboard slot <*>
596,596,597,Sun Dec 04 16:32:37 2005,notice,jk2_init() Found child 1253 in scoreboard slot 9,E1,jk2_init() Found child <*> in scoreboard slot <*>
597,597,598,Sun Dec 04 16:32:56 2005,notice,workerEnv.init() ok /etc/httpd/conf/workers2.properties,E2,workerEnv.init() ok <*>
598,598,599,Sun Dec 04 16:32:56 2005,error,mod_jk child workerEnv in error state 6,E3,mod_jk child workerEnv in error state <*>
599,599,600,Sun Dec 04 16:32:58 2005,notice,jk2_init() Found child 1254 in scoreboard slot 7,E1,jk2_init() Found child <*> in scoreboard slot <*>
600,600,601,Sun Dec 04 16:32:58 2005,notice,jk2_init() Found child 1256 in scoreboard slot 6,E1,jk2_init() Found child <*> in scoreboard slot <*>
601,601,602,Sun Dec 04 16:32:58 2005,notice,jk2_init() Found child 1255 in scoreboard slot 8,E1,jk2_init() Found child <*> in scoreboard slot <*>
602,602,603,Sun Dec 04 16:32:58 2005,notice,workerEnv.init() ok /etc/httpd/conf/workers2.properties,E2,workerEnv.init() ok <*>
603,603,604,Sun Dec 04 16:32:58 2005,error,mod_jk child workerEnv in error state 7,E3,mod_jk child workerEnv in error state <*>
604,604,605,Sun Dec 04 16:32:58 2005,notice,workerEnv.init() ok /etc/httpd/conf/workers2.properties,E2,workerEnv.init() ok <*>
605,605,606,Sun Dec 04 16:32:58 2005,error,mod_jk child workerEnv in error state 6,E3,mod_jk child workerEnv in error state <*>
606,606,607,Sun Dec 04 16:32:58 2005,notice,workerEnv.init() ok /etc/httpd/conf/workers2.properties,E2,workerEnv.init() ok <*>
607,607,608,Sun Dec 04 16:32:58 2005,error,mod_jk child workerEnv in error state 6,E3,mod_jk child workerEnv in error state <*>
608,608,609,Sun Dec 04 16:35:49 2005,notice,jk2_init() Found child 1262 in scoreboard slot 9,E1,jk2_init() Found child <*> in scoreboard slot <*>
609,609,610,Sun Dec 04 16:35:52 2005,notice,workerEnv.init() ok /etc/httpd/conf/workers2.properties,E2,workerEnv.init() ok <*>
610,610,611,Sun Dec 04 16:35:52 2005,error,mod_jk child workerEnv in error state 6,E3,mod_jk child workerEnv in error state <*>
611,611,612,Sun Dec 04 16:41:15 2005,notice,jk2_init() Found child 1275 in scoreboard slot 6,E1,jk2_init() Found child <*> in scoreboard slot <*>
612,612,613,Sun Dec 04 16:41:16 2005,notice,jk2_init() Found child 1276 in scoreboard slot 9,E1,jk2_init() Found child <*> in scoreboard slot <*>
613,613,614,Sun Dec 04 16:41:22 2005,notice,jk2_init() Found child 1277 in scoreboard slot 7,E1,jk2_init() Found child <*> in scoreboard slot <*>
614,614,615,Sun Dec 04 16:41:22 2005,notice,jk2_init() Found child 1278 in scoreboard slot 8,E1,jk2_init() Found child <*> in scoreboard slot <*>
615,615,616,Sun Dec 04 16:41:22 2005,notice,workerEnv.init() ok /etc/httpd/conf/workers2.properties,E2,workerEnv.init() ok <*>
616,616,617,Sun Dec 04 16:41:22 2005,notice,workerEnv.init() ok /etc/httpd/conf/workers2.properties,E2,workerEnv.init() ok <*>
617,617,618,Sun Dec 04 16:41:22 2005,notice,workerEnv.init() ok /etc/httpd/conf/workers2.properties,E2,workerEnv.init() ok <*>
618,618,619,Sun Dec 04 16:41:22 2005,notice,workerEnv.init() ok /etc/httpd/conf/workers2.properties,E2,workerEnv.init() ok <*>
619,619,620,Sun Dec 04 16:41:22 2005,error,mod_jk child workerEnv in error state 6,E3,mod_jk child workerEnv in error state <*>
620,620,621,Sun Dec 04 16:41:22 2005,error,mod_jk child workerEnv in error state 6,E3,mod_jk child workerEnv in error state <*>
621,621,622,Sun Dec 04 16:41:22 2005,error,mod_jk child workerEnv in error state 6,E3,mod_jk child workerEnv in error state <*>
622,622,623,Sun Dec 04 16:41:22 2005,error,mod_jk child workerEnv in error state 6,E3,mod_jk child workerEnv in error state <*>
623,623,624,Sun Dec 04 16:45:52 2005,notice,jk2_init() Found child 1283 in scoreboard slot 6,E1,jk2_init() Found child <*> in scoreboard slot <*>
624,624,625,Sun Dec 04 16:45:52 2005,notice,jk2_init() Found child 1284 in scoreboard slot 9,E1,jk2_init() Found child <*> in scoreboard slot <*>
625,625,626,Sun Dec 04 16:46:09 2005,notice,workerEnv.init() ok /etc/httpd/conf/workers2.properties,E2,workerEnv.init() ok <*>
626,626,627,Sun Dec 04 16:46:13 2005,error,mod_jk child workerEnv in error state 6,E3,mod_jk child workerEnv in error state <*>
627,627,628,Sun Dec 04 16:46:45 2005,notice,jk2_init() Found child 1288 in scoreboard slot 9,E1,jk2_init() Found child <*> in scoreboard slot <*>
628,628,629,Sun Dec 04 16:47:11 2005,notice,jk2_init() Found child 1291 in scoreboard slot 6,E1,jk2_init() Found child <*> in scoreboard slot <*>
629,629,630,Sun Dec 04 16:47:59 2005,notice,jk2_init() Found child 1296 in scoreboard slot 6,E1,jk2_init() Found child <*> in scoreboard slot <*>
630,630,631,Sun Dec 04 16:47:59 2005,notice,jk2_init() Found child 1300 in scoreboard slot 10,E1,jk2_init() Found child <*> in scoreboard slot <*>
631,631,632,Sun Dec 04 16:47:59 2005,notice,jk2_init() Found child 1298 in scoreboard slot 8,E1,jk2_init() Found child <*> in scoreboard slot <*>
632,632,633,Sun Dec 04 16:47:59 2005,notice,jk2_init() Found child 1297 in scoreboard slot 7,E1,jk2_init() Found child <*> in scoreboard slot <*>
633,633,634,Sun Dec 04 16:47:59 2005,notice,jk2_init() Found child 1299 in scoreboard slot 9,E1,jk2_init() Found child <*> in scoreboard slot <*>
634,634,635,Sun Dec 04 16:48:01 2005,notice,workerEnv.init() ok /etc/httpd/conf/workers2.properties,E2,workerEnv.init() ok <*>
635,635,636,Sun Dec 04 16:48:01 2005,error,mod_jk child workerEnv in error state 8,E3,mod_jk child workerEnv in error state <*>
636,636,637,Sun Dec 04 16:48:01 2005,notice,workerEnv.init() ok /etc/httpd/conf/workers2.properties,E2,workerEnv.init() ok <*>
637,637,638,Sun Dec 04 16:48:01 2005,error,mod_jk child workerEnv in error state 7,E3,mod_jk child workerEnv in error state <*>
638,638,639,Sun Dec 04 16:48:01 2005,notice,workerEnv.init() ok /etc/httpd/conf/workers2.properties,E2,workerEnv.init() ok <*>
639,639,640,Sun Dec 04 16:48:01 2005,error,mod_jk child workerEnv in error state 6,E3,mod_jk child workerEnv in error state <*>
640,640,641,Sun Dec 04 16:48:01 2005,notice,workerEnv.init() ok /etc/httpd/conf/workers2.properties,E2,workerEnv.init() ok <*>
641,641,642,Sun Dec 04 16:48:01 2005,error,mod_jk child workerEnv in error state 6,E3,mod_jk child workerEnv in error state <*>
642,642,643,Sun Dec 04 16:48:01 2005,notice,workerEnv.init() ok /etc/httpd/conf/workers2.properties,E2,workerEnv.init() ok <*>
643,643,644,Sun Dec 04 16:48:01 2005,error,mod_jk child workerEnv in error state 6,E3,mod_jk child workerEnv in error state <*>
644,644,645,Sun Dec 04 16:50:53 2005,notice,jk2_init() Found child 1308 in scoreboard slot 6,E1,jk2_init() Found child <*> in scoreboard slot <*>
645,645,646,Sun Dec 04 16:50:53 2005,notice,jk2_init() Found child 1309 in scoreboard slot 7,E1,jk2_init() Found child <*> in scoreboard slot <*>
646,646,647,Sun Dec 04 16:51:26 2005,notice,jk2_init() Found child 1313 in scoreboard slot 6,E1,jk2_init() Found child <*> in scoreboard slot <*>
647,647,648,Sun Dec 04 16:51:26 2005,notice,jk2_init() Found child 1312 in scoreboard slot 10,E1,jk2_init() Found child <*> in scoreboard slot <*>
648,648,649,Sun Dec 04 16:52:34 2005,notice,jk2_init() Found child 1320 in scoreboard slot 8,E1,jk2_init() Found child <*> in scoreboard slot <*>
649,649,650,Sun Dec 04 16:52:45 2005,notice,jk2_init() Found child 1321 in scoreboard slot 9,E1,jk2_init() Found child <*> in scoreboard slot <*>
650,650,651,Sun Dec 04 16:52:45 2005,notice,jk2_init() Found child 1322 in scoreboard slot 10,E1,jk2_init() Found child <*> in scoreboard slot <*>
651,651,652,Sun Dec 04 16:52:45 2005,notice,jk2_init() Found child 1323 in scoreboard slot 6,E1,jk2_init() Found child <*> in scoreboard slot <*>
652,652,653,Sun Dec 04 16:52:46 2005,notice,jk2_init() Found child 1324 in scoreboard slot 7,E1,jk2_init() Found child <*> in scoreboard slot <*>
653,653,654,Sun Dec 04 16:52:46 2005,notice,jk2_init() Found child 1325 in scoreboard slot 8,E1,jk2_init() Found child <*> in scoreboard slot <*>
654,654,655,Sun Dec 04 16:52:49 2005,notice,workerEnv.init() ok /etc/httpd/conf/workers2.properties,E2,workerEnv.init() ok <*>
655,655,656,Sun Dec 04 16:52:49 2005,notice,workerEnv.init() ok /etc/httpd/conf/workers2.properties,E2,workerEnv.init() ok <*>
656,656,657,Sun Dec 04 16:52:49 2005,notice,workerEnv.init() ok /etc/httpd/conf/workers2.properties,E2,workerEnv.init() ok <*>
657,657,658,Sun Dec 04 16:52:49 2005,notice,workerEnv.init() ok /etc/httpd/conf/workers2.properties,E2,workerEnv.init() ok <*>
658,658,659,Sun Dec 04 16:52:49 2005,notice,workerEnv.init() ok /etc/httpd/conf/workers2.properties,E2,workerEnv.init() ok <*>
659,659,660,Sun Dec 04 16:52:49 2005,error,mod_jk child workerEnv in error state 6,E3,mod_jk child workerEnv in error state <*>
660,660,661,Sun Dec 04 16:52:49 2005,error,mod_jk child workerEnv in error state 7,E3,mod_jk child workerEnv in error state <*>
661,661,662,Sun Dec 04 16:52:49 2005,error,mod_jk child workerEnv in error state 7,E3,mod_jk child workerEnv in error state <*>
662,662,663,Sun Dec 04 16:52:49 2005,error,mod_jk child workerEnv in error state 8,E3,mod_jk child workerEnv in error state <*>
663,663,664,Sun Dec 04 16:52:49 2005,error,mod_jk child workerEnv in error state 6,E3,mod_jk child workerEnv in error state <*>
664,664,665,Sun Dec 04 16:55:54 2005,notice,jk2_init() Found child 1331 in scoreboard slot 10,E1,jk2_init() Found child <*> in scoreboard slot <*>
665,665,666,Sun Dec 04 16:56:25 2005,notice,jk2_init() Found child 1338 in scoreboard slot 7,E1,jk2_init() Found child <*> in scoreboard slot <*>
666,666,667,Sun Dec 04 16:56:25 2005,notice,jk2_init() Found child 1334 in scoreboard slot 8,E1,jk2_init() Found child <*> in scoreboard slot <*>
667,667,668,Sun Dec 04 16:56:25 2005,notice,jk2_init() Found child 1336 in scoreboard slot 10,E1,jk2_init() Found child <*> in scoreboard slot <*>
668,668,669,Sun Dec 04 16:56:25 2005,notice,jk2_init() Found child 1337 in scoreboard slot 6,E1,jk2_init() Found child <*> in scoreboard slot <*>
669,669,670,Sun Dec 04 16:56:25 2005,notice,jk2_init() Found child 1335 in scoreboard slot 9,E1,jk2_init() Found child <*> in scoreboard slot <*>
670,670,671,Sun Dec 04 16:56:27 2005,notice,workerEnv.init() ok /etc/httpd/conf/workers2.properties,E2,workerEnv.init() ok <*>
671,671,672,Sun Dec 04 16:56:27 2005,error,mod_jk child workerEnv in error state 6,E3,mod_jk child workerEnv in error state <*>
672,672,673,Sun Dec 04 16:56:27 2005,notice,workerEnv.init() ok /etc/httpd/conf/workers2.properties,E2,workerEnv.init() ok <*>
673,673,674,Sun Dec 04 16:56:27 2005,error,mod_jk child workerEnv in error state 7,E3,mod_jk child workerEnv in error state <*>
674,674,675,Sun Dec 04 16:56:27 2005,notice,workerEnv.init() ok /etc/httpd/conf/workers2.properties,E2,workerEnv.init() ok <*>
675,675,676,Sun Dec 04 16:56:27 2005,error,mod_jk child workerEnv in error state 6,E3,mod_jk child workerEnv in error state <*>
676,676,677,Sun Dec 04 16:56:27 2005,notice,workerEnv.init() ok /etc/httpd/conf/workers2.properties,E2,workerEnv.init() ok <*>
677,677,678,Sun Dec 04 16:56:27 2005,error,mod_jk child workerEnv in error state 6,E3,mod_jk child workerEnv in error state <*>
678,678,679,Sun Dec 04 16:56:27 2005,notice,workerEnv.init() ok /etc/httpd/conf/workers2.properties,E2,workerEnv.init() ok <*>
679,679,680,Sun Dec 04 16:56:27 2005,error,mod_jk child workerEnv in error state 6,E3,mod_jk child workerEnv in error state <*>
680,680,681,Sun Dec 04 17:01:43 2005,notice,jk2_init() Found child 1358 in scoreboard slot 8,E1,jk2_init() Found child <*> in scoreboard slot <*>
681,681,682,Sun Dec 04 17:01:43 2005,notice,jk2_init() Found child 1356 in scoreboard slot 6,E1,jk2_init() Found child <*> in scoreboard slot <*>
682,682,683,Sun Dec 04 17:01:43 2005,notice,jk2_init() Found child 1354 in scoreboard slot 9,E1,jk2_init() Found child <*> in scoreboard slot <*>
683,683,684,Sun Dec 04 17:01:43 2005,notice,jk2_init() Found child 1357 in scoreboard slot 7,E1,jk2_init() Found child <*> in scoreboard slot <*>
684,684,685,Sun Dec 04 17:01:43 2005,notice,jk2_init() Found child 1355 in scoreboard slot 10,E1,jk2_init() Found child <*> in scoreboard slot <*>
685,685,686,Sun Dec 04 17:01:47 2005,notice,workerEnv.init() ok /etc/httpd/conf/workers2.properties,E2,workerEnv.init() ok <*>
686,686,687,Sun Dec 04 17:01:47 2005,error,mod_jk child workerEnv in error state 6,E3,mod_jk child workerEnv in error state <*>
687,687,688,Sun Dec 04 17:01:47 2005,notice,workerEnv.init() ok /etc/httpd/conf/workers2.properties,E2,workerEnv.init() ok <*>
688,688,689,Sun Dec 04 17:01:47 2005,error,mod_jk child workerEnv in error state 6,E3,mod_jk child workerEnv in error state <*>
689,689,690,Sun Dec 04 17:01:47 2005,notice,workerEnv.init() ok /etc/httpd/conf/workers2.properties,E2,workerEnv.init() ok <*>
690,690,691,Sun Dec 04 17:01:47 2005,error,mod_jk child workerEnv in error state 6,E3,mod_jk child workerEnv in error state <*>
691,691,692,Sun Dec 04 17:01:47 2005,notice,workerEnv.init() ok /etc/httpd/conf/workers2.properties,E2,workerEnv.init() ok <*>
692,692,693,Sun Dec 04 17:01:47 2005,error,mod_jk child workerEnv in error state 6,E3,mod_jk child workerEnv in error state <*>
693,693,694,Sun Dec 04 17:01:47 2005,notice,workerEnv.init() ok /etc/httpd/conf/workers2.properties,E2,workerEnv.init() ok <*>
694,694,695,Sun Dec 04 17:01:47 2005,error,mod_jk child workerEnv in error state 6,E3,mod_jk child workerEnv in error state <*>
695,695,696,Sun Dec 04 17:05:45 2005,notice,jk2_init() Found child 1375 in scoreboard slot 9,E1,jk2_init() Found child <*> in scoreboard slot <*>
696,696,697,Sun Dec 04 17:05:45 2005,notice,jk2_init() Found child 1376 in scoreboard slot 10,E1,jk2_init() Found child <*> in scoreboard slot <*>
697,697,698,Sun Dec 04 17:05:45 2005,notice,jk2_init() Found child 1377 in scoreboard slot 6,E1,jk2_init() Found child <*> in scoreboard slot <*>
698,698,699,Sun Dec 04 17:05:48 2005,notice,workerEnv.init() ok /etc/httpd/conf/workers2.properties,E2,workerEnv.init() ok <*>
699,699,700,Sun Dec 04 17:05:48 2005,notice,workerEnv.init() ok /etc/httpd/conf/workers2.properties,E2,workerEnv.init() ok <*>
700,700,701,Sun Dec 04 17:05:48 2005,notice,workerEnv.init() ok /etc/httpd/conf/workers2.properties,E2,workerEnv.init() ok <*>
701,701,702,Sun Dec 04 17:05:48 2005,error,mod_jk child workerEnv in error state 6,E3,mod_jk child workerEnv in error state <*>
702,702,703,Sun Dec 04 17:05:48 2005,error,mod_jk child workerEnv in error state 6,E3,mod_jk child workerEnv in error state <*>
703,703,704,Sun Dec 04 17:05:48 2005,error,mod_jk child workerEnv in error state 6,E3,mod_jk child workerEnv in error state <*>
704,704,705,Sun Dec 04 17:11:23 2005,notice,jk2_init() Found child 1387 in scoreboard slot 7,E1,jk2_init() Found child <*> in scoreboard slot <*>
705,705,706,Sun Dec 04 17:11:37 2005,notice,jk2_init() Found child 1390 in scoreboard slot 10,E1,jk2_init() Found child <*> in scoreboard slot <*>
706,706,707,Sun Dec 04 17:11:37 2005,notice,jk2_init() Found child 1388 in scoreboard slot 8,E1,jk2_init() Found child <*> in scoreboard slot <*>
707,707,708,Sun Dec 04 17:11:37 2005,notice,jk2_init() Found child 1389 in scoreboard slot 9,E1,jk2_init() Found child <*> in scoreboard slot <*>
708,708,709,Sun Dec 04 17:12:42 2005,notice,jk2_init() Found child 1393 in scoreboard slot 8,E1,jk2_init() Found child <*> in scoreboard slot <*>
709,709,710,Sun Dec 04 17:12:50 2005,notice,jk2_init() Found child 1395 in scoreboard slot 10,E1,jk2_init() Found child <*> in scoreboard slot <*>
710,710,711,Sun Dec 04 17:12:50 2005,notice,jk2_init() Found child 1396 in scoreboard slot 6,E1,jk2_init() Found child <*> in scoreboard slot <*>
711,711,712,Sun Dec 04 17:12:50 2005,notice,jk2_init() Found child 1394 in scoreboard slot 9,E1,jk2_init() Found child <*> in scoreboard slot <*>
712,712,713,Sun Dec 04 17:12:54 2005,notice,workerEnv.init() ok /etc/httpd/conf/workers2.properties,E2,workerEnv.init() ok <*>
713,713,714,Sun Dec 04 17:12:54 2005,notice,workerEnv.init() ok /etc/httpd/conf/workers2.properties,E2,workerEnv.init() ok <*>
714,714,715,Sun Dec 04 17:12:54 2005,notice,workerEnv.init() ok /etc/httpd/conf/workers2.properties,E2,workerEnv.init() ok <*>
715,715,716,Sun Dec 04 17:12:54 2005,notice,workerEnv.init() ok /etc/httpd/conf/workers2.properties,E2,workerEnv.init() ok <*>
716,716,717,Sun Dec 04 17:12:55 2005,error,mod_jk child workerEnv in error state 6,E3,mod_jk child workerEnv in error state <*>
717,717,718,Sun Dec 04 17:12:55 2005,error,mod_jk child workerEnv in error state 7,E3,mod_jk child workerEnv in error state <*>
718,718,719,Sun Dec 04 17:12:55 2005,error,mod_jk child workerEnv in error state 7,E3,mod_jk child workerEnv in error state <*>
719,719,720,Sun Dec 04 17:12:55 2005,error,mod_jk child workerEnv in error state 7,E3,mod_jk child workerEnv in error state <*>
720,720,721,Sun Dec 04 17:12:56 2005,notice,jk2_init() Found child 1397 in scoreboard slot 7,E1,jk2_init() Found child <*> in scoreboard slot <*>
721,721,722,Sun Dec 04 17:12:57 2005,notice,workerEnv.init() ok /etc/httpd/conf/workers2.properties,E2,workerEnv.init() ok <*>
722,722,723,Sun Dec 04 17:12:57 2005,error,mod_jk child workerEnv in error state 7,E3,mod_jk child workerEnv in error state <*>
723,723,724,Sun Dec 04 17:17:07 2005,notice,jk2_init() Found child 1414 in scoreboard slot 7,E1,jk2_init() Found child <*> in scoreboard slot <*>
724,724,725,Sun Dec 04 17:17:07 2005,notice,jk2_init() Found child 1412 in scoreboard slot 10,E1,jk2_init() Found child <*> in scoreboard slot <*>
725,725,726,Sun Dec 04 17:17:07 2005,notice,jk2_init() Found child 1413 in scoreboard slot 6,E1,jk2_init() Found child <*> in scoreboard slot <*>
726,726,727,Sun Dec 04 17:20:38 2005,notice,jk2_init() Found child 1448 in scoreboard slot 6,E1,jk2_init() Found child <*> in scoreboard slot <*>
727,727,728,Sun Dec 04 17:20:38 2005,notice,jk2_init() Found child 1439 in scoreboard slot 7,E1,jk2_init() Found child <*> in scoreboard slot <*>
728,728,729,Sun Dec 04 17:20:38 2005,notice,jk2_init() Found child 1441 in scoreboard slot 9,E1,jk2_init() Found child <*> in scoreboard slot <*>
729,729,730,Sun Dec 04 17:20:38 2005,notice,jk2_init() Found child 1450 in scoreboard slot 11,E1,jk2_init() Found child <*> in scoreboard slot <*>
730,730,731,Sun Dec 04 17:20:39 2005,notice,jk2_init() Found child 1449 in scoreboard slot 10,E1,jk2_init() Found child <*> in scoreboard slot <*>
731,731,732,Sun Dec 04 17:20:39 2005,notice,jk2_init() Found child 1440 in scoreboard slot 8,E1,jk2_init() Found child <*> in scoreboard slot <*>
732,732,733,Sun Dec 04 17:20:44 2005,notice,workerEnv.init() ok /etc/httpd/conf/workers2.properties,E2,workerEnv.init() ok <*>
733,733,734,Sun Dec 04 17:20:44 2005,notice,workerEnv.init() ok /etc/httpd/conf/workers2.properties,E2,workerEnv.init() ok <*>
734,734,735,Sun Dec 04 17:20:44 2005,notice,workerEnv.init() ok /etc/httpd/conf/workers2.properties,E2,workerEnv.init() ok <*>
735,735,736,Sun Dec 04 17:20:44 2005,notice,workerEnv.init() ok /etc/httpd/conf/workers2.properties,E2,workerEnv.init() ok <*>
736,736,737,Sun Dec 04 17:20:44 2005,notice,workerEnv.init() ok /etc/httpd/conf/workers2.properties,E2,workerEnv.init() ok <*>
737,737,738,Sun Dec 04 17:20:46 2005,error,mod_jk child workerEnv in error state 7,E3,mod_jk child workerEnv in error state <*>
738,738,739,Sun Dec 04 17:20:46 2005,error,mod_jk child workerEnv in error state 6,E3,mod_jk child workerEnv in error state <*>
739,739,740,Sun Dec 04 17:20:46 2005,error,mod_jk child workerEnv in error state 6,E3,mod_jk child workerEnv in error state <*>
740,740,741,Sun Dec 04 17:20:46 2005,error,mod_jk child workerEnv in error state 7,E3,mod_jk child workerEnv in error state <*>
741,741,742,Sun Dec 04 17:20:46 2005,error,mod_jk child workerEnv in error state 6,E3,mod_jk child workerEnv in error state <*>
742,742,743,Sun Dec 04 17:21:01 2005,notice,jk2_init() Found child 1452 in scoreboard slot 7,E1,jk2_init() Found child <*> in scoreboard slot <*>
743,743,744,Sun Dec 04 17:21:04 2005,notice,workerEnv.init() ok /etc/httpd/conf/workers2.properties,E2,workerEnv.init() ok <*>
744,744,745,Sun Dec 04 17:21:04 2005,error,mod_jk child workerEnv in error state 8,E3,mod_jk child workerEnv in error state <*>
745,745,746,Sun Dec 04 17:26:04 2005,notice,jk2_init() Found child 1461 in scoreboard slot 8,E1,jk2_init() Found child <*> in scoreboard slot <*>
746,746,747,Sun Dec 04 17:26:39 2005,notice,jk2_init() Found child 1462 in scoreboard slot 6,E1,jk2_init() Found child <*> in scoreboard slot <*>
747,747,748,Sun Dec 04 17:27:13 2005,notice,jk2_init() Found child 1466 in scoreboard slot 8,E1,jk2_init() Found child <*> in scoreboard slot <*>
748,748,749,Sun Dec 04 17:28:00 2005,notice,jk2_init() Found child 1470 in scoreboard slot 7,E1,jk2_init() Found child <*> in scoreboard slot <*>
749,749,750,Sun Dec 04 17:28:42 2005,notice,jk2_init() Found child 1477 in scoreboard slot 6,E1,jk2_init() Found child <*> in scoreboard slot <*>
750,750,751,Sun Dec 04 17:28:41 2005,notice,jk2_init() Found child 1476 in scoreboard slot 8,E1,jk2_init() Found child <*> in scoreboard slot <*>
751,751,752,Sun Dec 04 17:31:00 2005,notice,jk2_init() Found child 1501 in scoreboard slot 7,E1,jk2_init() Found child <*> in scoreboard slot <*>
752,752,753,Sun Dec 04 17:31:00 2005,notice,jk2_init() Found child 1502 in scoreboard slot 6,E1,jk2_init() Found child <*> in scoreboard slot <*>
753,753,754,Sun Dec 04 17:31:00 2005,notice,jk2_init() Found child 1498 in scoreboard slot 8,E1,jk2_init() Found child <*> in scoreboard slot <*>
754,754,755,Sun Dec 04 17:31:00 2005,notice,jk2_init() Found child 1499 in scoreboard slot 11,E1,jk2_init() Found child <*> in scoreboard slot <*>
755,755,756,Sun Dec 04 17:31:10 2005,notice,workerEnv.init() ok /etc/httpd/conf/workers2.properties,E2,workerEnv.init() ok <*>
756,756,757,Sun Dec 04 17:31:10 2005,notice,workerEnv.init() ok /etc/httpd/conf/workers2.properties,E2,workerEnv.init() ok <*>
757,757,758,Sun Dec 04 17:31:10 2005,notice,workerEnv.init() ok /etc/httpd/conf/workers2.properties,E2,workerEnv.init() ok <*>
758,758,759,Sun Dec 04 17:31:11 2005,notice,workerEnv.init() ok /etc/httpd/conf/workers2.properties,E2,workerEnv.init() ok <*>
759,759,760,Sun Dec 04 17:31:12 2005,error,mod_jk child workerEnv in error state 6,E3,mod_jk child workerEnv in error state <*>
760,760,761,Sun Dec 04 17:31:12 2005,error,mod_jk child workerEnv in error state 6,E3,mod_jk child workerEnv in error state <*>
761,761,762,Sun Dec 04 17:31:12 2005,error,mod_jk child workerEnv in error state 8,E3,mod_jk child workerEnv in error state <*>
762,762,763,Sun Dec 04 17:31:12 2005,error,mod_jk child workerEnv in error state 9,E3,mod_jk child workerEnv in error state <*>
763,763,764,Sun Dec 04 17:31:43 2005,notice,jk2_init() Found child 1503 in scoreboard slot 9,E1,jk2_init() Found child <*> in scoreboard slot <*>
764,764,765,Sun Dec 04 17:31:43 2005,notice,jk2_init() Found child 1504 in scoreboard slot 8,E1,jk2_init() Found child <*> in scoreboard slot <*>
765,765,766,Sun Dec 04 17:31:45 2005,notice,workerEnv.init() ok /etc/httpd/conf/workers2.properties,E2,workerEnv.init() ok <*>
766,766,767,Sun Dec 04 17:31:45 2005,notice,workerEnv.init() ok /etc/httpd/conf/workers2.properties,E2,workerEnv.init() ok <*>
767,767,768,Sun Dec 04 17:31:45 2005,error,mod_jk child workerEnv in error state 6,E3,mod_jk child workerEnv in error state <*>
768,768,769,Sun Dec 04 17:31:45 2005,error,mod_jk child workerEnv in error state 6,E3,mod_jk child workerEnv in error state <*>
769,769,770,Sun Dec 04 17:34:52 2005,notice,jk2_init() Found child 1507 in scoreboard slot 10,E1,jk2_init() Found child <*> in scoreboard slot <*>
770,770,771,Sun Dec 04 17:34:57 2005,notice,workerEnv.init() ok /etc/httpd/conf/workers2.properties,E2,workerEnv.init() ok <*>
771,771,772,Sun Dec 04 17:34:57 2005,error,mod_jk child workerEnv in error state 6,E3,mod_jk child workerEnv in error state <*>
772,772,773,Sun Dec 04 17:34:57 2005,error,[client 61.138.216.82] Directory index forbidden by rule: /var/www/html/,E4,[client <*>] Directory index forbidden by rule: <*>
773,773,774,Sun Dec 04 17:36:14 2005,notice,jk2_init() Found child 1512 in scoreboard slot 7,E1,jk2_init() Found child <*> in scoreboard slot <*>
774,774,775,Sun Dec 04 17:36:14 2005,notice,jk2_init() Found child 1513 in scoreboard slot 6,E1,jk2_init() Found child <*> in scoreboard slot <*>
775,775,776,Sun Dec 04 17:37:08 2005,notice,jk2_init() Found child 1517 in scoreboard slot 7,E1,jk2_init() Found child <*> in scoreboard slot <*>
776,776,777,Sun Dec 04 17:37:08 2005,notice,jk2_init() Found child 1518 in scoreboard slot 6,E1,jk2_init() Found child <*> in scoreboard slot <*>
777,777,778,Sun Dec 04 17:37:47 2005,notice,jk2_init() Found child 1520 in scoreboard slot 8,E1,jk2_init() Found child <*> in scoreboard slot <*>
778,778,779,Sun Dec 04 17:37:47 2005,notice,jk2_init() Found child 1521 in scoreboard slot 10,E1,jk2_init() Found child <*> in scoreboard slot <*>
779,779,780,Sun Dec 04 17:39:00 2005,notice,jk2_init() Found child 1529 in scoreboard slot 9,E1,jk2_init() Found child <*> in scoreboard slot <*>
780,780,781,Sun Dec 04 17:39:01 2005,notice,jk2_init() Found child 1530 in scoreboard slot 8,E1,jk2_init() Found child <*> in scoreboard slot <*>
781,781,782,Sun Dec 04 17:39:00 2005,notice,jk2_init() Found child 1528 in scoreboard slot 7,E1,jk2_init() Found child <*> in scoreboard slot <*>
782,782,783,Sun Dec 04 17:39:00 2005,notice,jk2_init() Found child 1527 in scoreboard slot 6,E1,jk2_init() Found child <*> in scoreboard slot <*>
783,783,784,Sun Dec 04 17:43:08 2005,notice,jk2_init() Found child 1565 in scoreboard slot 9,E1,jk2_init() Found child <*> in scoreboard slot <*>
784,784,785,Sun Dec 04 17:43:08 2005,error,jk2_init() Can't find child 1566 in scoreboard,E5,jk2_init() Can't find child <*> in scoreboard <*>
785,785,786,Sun Dec 04 17:43:08 2005,notice,jk2_init() Found child 1561 in scoreboard slot 6,E1,jk2_init() Found child <*> in scoreboard slot <*>
786,786,787,Sun Dec 04 17:43:08 2005,notice,jk2_init() Found child 1563 in scoreboard slot 8,E1,jk2_init() Found child <*> in scoreboard slot <*>
787,787,788,Sun Dec 04 17:43:08 2005,notice,jk2_init() Found child 1562 in scoreboard slot 7,E1,jk2_init() Found child <*> in scoreboard slot <*>
788,788,789,Sun Dec 04 17:43:08 2005,error,jk2_init() Can't find child 1567 in scoreboard,E5,jk2_init() Can't find child <*> in scoreboard <*>
789,789,790,Sun Dec 04 17:43:08 2005,notice,jk2_init() Found child 1568 in scoreboard slot 13,E1,jk2_init() Found child <*> in scoreboard slot <*>
790,790,791,Sun Dec 04 17:43:12 2005,notice,workerEnv.init() ok /etc/httpd/conf/workers2.properties,E2,workerEnv.init() ok <*>
791,791,792,Sun Dec 04 17:43:12 2005,error,mod_jk child workerEnv in error state 9,E3,mod_jk child workerEnv in error state <*>
792,792,793,Sun Dec 04 17:43:12 2005,notice,workerEnv.init() ok /etc/httpd/conf/workers2.properties,E2,workerEnv.init() ok <*>
793,793,794,Sun Dec 04 17:43:12 2005,error,mod_jk child workerEnv in error state 8,E3,mod_jk child workerEnv in error state <*>
794,794,795,Sun Dec 04 17:43:12 2005,notice,workerEnv.init() ok /etc/httpd/conf/workers2.properties,E2,workerEnv.init() ok <*>
795,795,796,Sun Dec 04 17:43:12 2005,error,mod_jk child init 1 -2,E6,mod_jk child init <*> -<*>
796,796,797,Sun Dec 04 17:43:12 2005,notice,workerEnv.init() ok /etc/httpd/conf/workers2.properties,E2,workerEnv.init() ok <*>
797,797,798,Sun Dec 04 17:43:12 2005,error,mod_jk child workerEnv in error state 7,E3,mod_jk child workerEnv in error state <*>
798,798,799,Sun Dec 04 17:43:12 2005,notice,workerEnv.init() ok /etc/httpd/conf/workers2.properties,E2,workerEnv.init() ok <*>
799,799,800,Sun Dec 04 17:43:12 2005,error,mod_jk child workerEnv in error state 9,E3,mod_jk child workerEnv in error state <*>
800,800,801,Sun Dec 04 17:43:12 2005,notice,workerEnv.init() ok /etc/httpd/conf/workers2.properties,E2,workerEnv.init() ok <*>
801,801,802,Sun Dec 04 17:43:12 2005,error,mod_jk child init 1 -2,E6,mod_jk child init <*> -<*>
802,802,803,Sun Dec 04 17:43:12 2005,notice,workerEnv.init() ok /etc/httpd/conf/workers2.properties,E2,workerEnv.init() ok <*>
803,803,804,Sun Dec 04 17:43:12 2005,error,mod_jk child workerEnv in error state 6,E3,mod_jk child workerEnv in error state <*>
804,804,805,Sun Dec 04 17:53:43 2005,error,[client 218.39.132.175] Directory index forbidden by rule: /var/www/html/,E4,[client <*>] Directory index forbidden by rule: <*>
805,805,806,Sun Dec 04 18:24:22 2005,error,[client 125.30.38.52] Directory index forbidden by rule: /var/www/html/,E4,[client <*>] Directory index forbidden by rule: <*>
806,806,807,Sun Dec 04 19:25:51 2005,notice,jk2_init() Found child 1763 in scoreboard slot 6,E1,jk2_init() Found child <*> in scoreboard slot <*>
807,807,808,Sun Dec 04 19:25:53 2005,notice,workerEnv.init() ok /etc/httpd/conf/workers2.properties,E2,workerEnv.init() ok <*>
808,808,809,Sun Dec 04 19:25:53 2005,error,mod_jk child workerEnv in error state 6,E3,mod_jk child workerEnv in error state <*>
809,809,810,Sun Dec 04 19:32:20 2005,notice,jk2_init() Found child 1786 in scoreboard slot 8,E1,jk2_init() Found child <*> in scoreboard slot <*>
810,810,811,Sun Dec 04 19:32:20 2005,notice,jk2_init() Found child 1787 in scoreboard slot 9,E1,jk2_init() Found child <*> in scoreboard slot <*>
811,811,812,Sun Dec 04 19:32:32 2005,notice,workerEnv.init() ok /etc/httpd/conf/workers2.properties,E2,workerEnv.init() ok <*>
812,812,813,Sun Dec 04 19:32:33 2005,error,mod_jk child workerEnv in error state 6,E3,mod_jk child workerEnv in error state <*>
813,813,814,Sun Dec 04 19:32:34 2005,notice,jk2_init() Found child 1788 in scoreboard slot 6,E1,jk2_init() Found child <*> in scoreboard slot <*>
814,814,815,Sun Dec 04 19:32:34 2005,notice,jk2_init() Found child 1790 in scoreboard slot 8,E1,jk2_init() Found child <*> in scoreboard slot <*>
815,815,816,Sun Dec 04 19:32:34 2005,notice,jk2_init() Found child 1789 in scoreboard slot 7,E1,jk2_init() Found child <*> in scoreboard slot <*>
816,816,817,Sun Dec 04 19:32:34 2005,notice,workerEnv.init() ok /etc/httpd/conf/workers2.properties,E2,workerEnv.init() ok <*>
817,817,818,Sun Dec 04 19:32:34 2005,error,mod_jk child workerEnv in error state 6,E3,mod_jk child workerEnv in error state <*>
818,818,819,Sun Dec 04 19:32:34 2005,notice,workerEnv.init() ok /etc/httpd/conf/workers2.properties,E2,workerEnv.init() ok <*>
819,819,820,Sun Dec 04 19:32:34 2005,error,mod_jk child workerEnv in error state 7,E3,mod_jk child workerEnv in error state <*>
820,820,821,Sun Dec 04 19:32:34 2005,notice,workerEnv.init() ok /etc/httpd/conf/workers2.properties,E2,workerEnv.init() ok <*>
821,821,822,Sun Dec 04 19:32:34 2005,error,mod_jk child workerEnv in error state 6,E3,mod_jk child workerEnv in error state <*>
822,822,823,Sun Dec 04 19:35:58 2005,notice,jk2_init() Found child 1797 in scoreboard slot 9,E1,jk2_init() Found child <*> in scoreboard slot <*>
823,823,824,Sun Dec 04 19:35:58 2005,notice,jk2_init() Found child 1798 in scoreboard slot 6,E1,jk2_init() Found child <*> in scoreboard slot <*>
824,824,825,Sun Dec 04 19:35:58 2005,notice,jk2_init() Found child 1799 in scoreboard slot 7,E1,jk2_init() Found child <*> in scoreboard slot <*>
825,825,826,Sun Dec 04 19:35:58 2005,notice,jk2_init() Found child 1800 in scoreboard slot 10,E1,jk2_init() Found child <*> in scoreboard slot <*>
826,826,827,Sun Dec 04 19:35:58 2005,notice,jk2_init() Found child 1801 in scoreboard slot 12,E1,jk2_init() Found child <*> in scoreboard slot <*>
827,827,828,Sun Dec 04 19:36:05 2005,error,[client 61.37.222.240] Directory index forbidden by rule: /var/www/html/,E4,[client <*>] Directory index forbidden by rule: <*>
828,828,829,Sun Dec 04 19:36:07 2005,notice,workerEnv.init() ok /etc/httpd/conf/workers2.properties,E2,workerEnv.init() ok <*>
829,829,830,Sun Dec 04 19:36:07 2005,error,mod_jk child workerEnv in error state 6,E3,mod_jk child workerEnv in error state <*>
830,830,831,Sun Dec 04 19:36:07 2005,notice,workerEnv.init() ok /etc/httpd/conf/workers2.properties,E2,workerEnv.init() ok <*>
831,831,832,Sun Dec 04 19:36:07 2005,error,mod_jk child workerEnv in error state 6,E3,mod_jk child workerEnv in error state <*>
832,832,833,Sun Dec 04 19:36:07 2005,notice,workerEnv.init() ok /etc/httpd/conf/workers2.properties,E2,workerEnv.init() ok <*>
833,833,834,Sun Dec 04 19:36:07 2005,error,mod_jk child workerEnv in error state 6,E3,mod_jk child workerEnv in error state <*>
834,834,835,Sun Dec 04 19:36:07 2005,notice,workerEnv.init() ok /etc/httpd/conf/workers2.properties,E2,workerEnv.init() ok <*>
835,835,836,Sun Dec 04 19:36:07 2005,error,mod_jk child workerEnv in error state 6,E3,mod_jk child workerEnv in error state <*>
836,836,837,Sun Dec 04 19:36:07 2005,notice,workerEnv.init() ok /etc/httpd/conf/workers2.properties,E2,workerEnv.init() ok <*>
837,837,838,Sun Dec 04 19:36:07 2005,error,mod_jk child workerEnv in error state 6,E3,mod_jk child workerEnv in error state <*>
838,838,839,Sun Dec 04 19:41:20 2005,notice,jk2_init() Found child 1816 in scoreboard slot 9,E1,jk2_init() Found child <*> in scoreboard slot <*>
839,839,840,Sun Dec 04 19:41:20 2005,notice,jk2_init() Found child 1814 in scoreboard slot 7,E1,jk2_init() Found child <*> in scoreboard slot <*>
840,840,841,Sun Dec 04 19:41:20 2005,notice,jk2_init() Found child 1813 in scoreboard slot 6,E1,jk2_init() Found child <*> in scoreboard slot <*>
841,841,842,Sun Dec 04 19:41:20 2005,notice,jk2_init() Found child 1815 in scoreboard slot 8,E1,jk2_init() Found child <*> in scoreboard slot <*>
842,842,843,Sun Dec 04 19:41:21 2005,notice,workerEnv.init() ok /etc/httpd/conf/workers2.properties,E2,workerEnv.init() ok <*>
843,843,844,Sun Dec 04 19:41:21 2005,error,mod_jk child workerEnv in error state 6,E3,mod_jk child workerEnv in error state <*>
844,844,845,Sun Dec 04 19:41:21 2005,notice,workerEnv.init() ok /etc/httpd/conf/workers2.properties,E2,workerEnv.init() ok <*>
845,845,846,Sun Dec 04 19:41:21 2005,error,mod_jk child workerEnv in error state 6,E3,mod_jk child workerEnv in error state <*>
846,846,847,Sun Dec 04 19:41:21 2005,notice,workerEnv.init() ok /etc/httpd/conf/workers2.properties,E2,workerEnv.init() ok <*>
847,847,848,Sun Dec 04 19:41:21 2005,error,mod_jk child workerEnv in error state 6,E3,mod_jk child workerEnv in error state <*>
848,848,849,Sun Dec 04 19:41:21 2005,notice,workerEnv.init() ok /etc/httpd/conf/workers2.properties,E2,workerEnv.init() ok <*>
849,849,850,Sun Dec 04 19:41:21 2005,error,mod_jk child workerEnv in error state 6,E3,mod_jk child workerEnv in error state <*>
850,850,851,Sun Dec 04 19:46:04 2005,notice,jk2_init() Found child 1821 in scoreboard slot 6,E1,jk2_init() Found child <*> in scoreboard slot <*>
851,851,852,Sun Dec 04 19:46:04 2005,notice,jk2_init() Found child 1822 in scoreboard slot 7,E1,jk2_init() Found child <*> in scoreboard slot <*>
852,852,853,Sun Dec 04 19:46:13 2005,notice,workerEnv.init() ok /etc/httpd/conf/workers2.properties,E2,workerEnv.init() ok <*>
853,853,854,Sun Dec 04 19:46:13 2005,notice,workerEnv.init() ok /etc/httpd/conf/workers2.properties,E2,workerEnv.init() ok <*>
854,854,855,Sun Dec 04 19:46:13 2005,error,mod_jk child workerEnv in error state 6,E3,mod_jk child workerEnv in error state <*>
855,855,856,Sun Dec 04 19:46:13 2005,error,mod_jk child workerEnv in error state 6,E3,mod_jk child workerEnv in error state <*>
856,856,857,Sun Dec 04 19:46:16 2005,notice,jk2_init() Found child 1823 in scoreboard slot 8,E1,jk2_init() Found child <*> in scoreboard slot <*>
857,857,858,Sun Dec 04 19:46:19 2005,notice,jk2_init() Found child 1824 in scoreboard slot 9,E1,jk2_init() Found child <*> in scoreboard slot <*>
858,858,859,Sun Dec 04 19:46:20 2005,notice,workerEnv.init() ok /etc/httpd/conf/workers2.properties,E2,workerEnv.init() ok <*>
859,859,860,Sun Dec 04 19:46:20 2005,error,mod_jk child workerEnv in error state 6,E3,mod_jk child workerEnv in error state <*>
860,860,861,Sun Dec 04 19:46:20 2005,notice,workerEnv.init() ok /etc/httpd/conf/workers2.properties,E2,workerEnv.init() ok <*>
861,861,862,Sun Dec 04 19:46:20 2005,error,mod_jk child workerEnv in error state 6,E3,mod_jk child workerEnv in error state <*>
862,862,863,Sun Dec 04 19:50:39 2005,notice,jk2_init() Found child 1833 in scoreboard slot 7,E1,jk2_init() Found child <*> in scoreboard slot <*>
863,863,864,Sun Dec 04 19:50:39 2005,notice,jk2_init() Found child 1832 in scoreboard slot 6,E1,jk2_init() Found child <*> in scoreboard slot <*>
864,864,865,Sun Dec 04 19:50:51 2005,notice,workerEnv.init() ok /etc/httpd/conf/workers2.properties,E2,workerEnv.init() ok <*>
865,865,866,Sun Dec 04 19:50:51 2005,notice,workerEnv.init() ok /etc/httpd/conf/workers2.properties,E2,workerEnv.init() ok <*>
866,866,867,Sun Dec 04 19:50:55 2005,error,mod_jk child workerEnv in error state 6,E3,mod_jk child workerEnv in error state <*>
867,867,868,Sun Dec 04 19:50:57 2005,notice,jk2_init() Found child 1834 in scoreboard slot 8,E1,jk2_init() Found child <*> in scoreboard slot <*>
868,868,869,Sun Dec 04 19:50:55 2005,error,mod_jk child workerEnv in error state 6,E3,mod_jk child workerEnv in error state <*>
869,869,870,Sun Dec 04 19:51:16 2005,notice,workerEnv.init() ok /etc/httpd/conf/workers2.properties,E2,workerEnv.init() ok <*>
870,870,871,Sun Dec 04 19:51:18 2005,error,mod_jk child workerEnv in error state 6,E3,mod_jk child workerEnv in error state <*>
871,871,872,Sun Dec 04 19:51:43 2005,notice,jk2_init() Found child 1835 in scoreboard slot 9,E1,jk2_init() Found child <*> in scoreboard slot <*>
872,872,873,Sun Dec 04 19:51:52 2005,notice,jk2_init() Found child 1836 in scoreboard slot 6,E1,jk2_init() Found child <*> in scoreboard slot <*>
873,873,874,Sun Dec 04 19:51:52 2005,notice,jk2_init() Found child 1837 in scoreboard slot 7,E1,jk2_init() Found child <*> in scoreboard slot <*>
874,874,875,Sun Dec 04 19:51:54 2005,notice,workerEnv.init() ok /etc/httpd/conf/workers2.properties,E2,workerEnv.init() ok <*>
875,875,876,Sun Dec 04 19:51:54 2005,error,mod_jk child workerEnv in error state 6,E3,mod_jk child workerEnv in error state <*>
876,876,877,Sun Dec 04 19:51:54 2005,notice,workerEnv.init() ok /etc/httpd/conf/workers2.properties,E2,workerEnv.init() ok <*>
877,877,878,Sun Dec 04 19:51:54 2005,error,mod_jk child workerEnv in error state 6,E3,mod_jk child workerEnv in error state <*>
878,878,879,Sun Dec 04 19:51:54 2005,notice,workerEnv.init() ok /etc/httpd/conf/workers2.properties,E2,workerEnv.init() ok <*>
879,879,880,Sun Dec 04 19:51:54 2005,error,mod_jk child workerEnv in error state 6,E3,mod_jk child workerEnv in error state <*>
880,880,881,Sun Dec 04 19:56:51 2005,notice,jk2_init() Found child 1851 in scoreboard slot 6,E1,jk2_init() Found child <*> in scoreboard slot <*>
881,881,882,Sun Dec 04 19:56:51 2005,notice,jk2_init() Found child 1852 in scoreboard slot 9,E1,jk2_init() Found child <*> in scoreboard slot <*>
882,882,883,Sun Dec 04 19:56:51 2005,notice,jk2_init() Found child 1853 in scoreboard slot 7,E1,jk2_init() Found child <*> in scoreboard slot <*>
883,883,884,Sun Dec 04 19:56:51 2005,notice,jk2_init() Found child 1850 in scoreboard slot 8,E1,jk2_init() Found child <*> in scoreboard slot <*>
884,884,885,Sun Dec 04 19:56:53 2005,notice,workerEnv.init() ok /etc/httpd/conf/workers2.properties,E2,workerEnv.init() ok <*>
885,885,886,Sun Dec 04 19:56:53 2005,error,mod_jk child workerEnv in error state 6,E3,mod_jk child workerEnv in error state <*>
886,886,887,Sun Dec 04 19:56:53 2005,notice,workerEnv.init() ok /etc/httpd/conf/workers2.properties,E2,workerEnv.init() ok <*>
887,887,888,Sun Dec 04 19:56:53 2005,error,mod_jk child workerEnv in error state 6,E3,mod_jk child workerEnv in error state <*>
888,888,889,Sun Dec 04 19:56:53 2005,notice,workerEnv.init() ok /etc/httpd/conf/workers2.properties,E2,workerEnv.init() ok <*>
889,889,890,Sun Dec 04 19:56:53 2005,error,mod_jk child workerEnv in error state 6,E3,mod_jk child workerEnv in error state <*>
890,890,891,Sun Dec 04 19:56:53 2005,notice,workerEnv.init() ok /etc/httpd/conf/workers2.properties,E2,workerEnv.init() ok <*>
891,891,892,Sun Dec 04 19:56:53 2005,error,mod_jk child workerEnv in error state 6,E3,mod_jk child workerEnv in error state <*>
892,892,893,Sun Dec 04 20:01:00 2005,notice,jk2_init() Found child 1861 in scoreboard slot 8,E1,jk2_init() Found child <*> in scoreboard slot <*>
893,893,894,Sun Dec 04 20:01:00 2005,notice,jk2_init() Found child 1862 in scoreboard slot 6,E1,jk2_init() Found child <*> in scoreboard slot <*>
894,894,895,Sun Dec 04 20:01:30 2005,notice,jk2_init() Found child 1867 in scoreboard slot 8,E1,jk2_init() Found child <*> in scoreboard slot <*>
895,895,896,Sun Dec 04 20:01:30 2005,notice,jk2_init() Found child 1864 in scoreboard slot 7,E1,jk2_init() Found child <*> in scoreboard slot <*>
896,896,897,Sun Dec 04 20:01:30 2005,notice,jk2_init() Found child 1868 in scoreboard slot 6,E1,jk2_init() Found child <*> in scoreboard slot <*>
897,897,898,Sun Dec 04 20:01:30 2005,notice,jk2_init() Found child 1863 in scoreboard slot 9,E1,jk2_init() Found child <*> in scoreboard slot <*>
898,898,899,Sun Dec 04 20:01:37 2005,notice,workerEnv.init() ok /etc/httpd/conf/workers2.properties,E2,workerEnv.init() ok <*>
899,899,900,Sun Dec 04 20:01:37 2005,notice,workerEnv.init() ok /etc/httpd/conf/workers2.properties,E2,workerEnv.init() ok <*>
900,900,901,Sun Dec 04 20:01:37 2005,notice,workerEnv.init() ok /etc/httpd/conf/workers2.properties,E2,workerEnv.init() ok <*>
901,901,902,Sun Dec 04 20:01:37 2005,notice,workerEnv.init() ok /etc/httpd/conf/workers2.properties,E2,workerEnv.init() ok <*>
902,902,903,Sun Dec 04 20:01:37 2005,error,mod_jk child workerEnv in error state 6,E3,mod_jk child workerEnv in error state <*>
903,903,904,Sun Dec 04 20:01:37 2005,error,mod_jk child workerEnv in error state 6,E3,mod_jk child workerEnv in error state <*>
904,904,905,Sun Dec 04 20:01:37 2005,error,mod_jk child workerEnv in error state 6,E3,mod_jk child workerEnv in error state <*>
905,905,906,Sun Dec 04 20:01:37 2005,error,mod_jk child workerEnv in error state 7,E3,mod_jk child workerEnv in error state <*>
906,906,907,Sun Dec 04 20:05:55 2005,notice,jk2_init() Found child 1887 in scoreboard slot 8,E1,jk2_init() Found child <*> in scoreboard slot <*>
907,907,908,Sun Dec 04 20:05:55 2005,notice,jk2_init() Found child 1885 in scoreboard slot 9,E1,jk2_init() Found child <*> in scoreboard slot <*>
908,908,909,Sun Dec 04 20:05:55 2005,notice,jk2_init() Found child 1888 in scoreboard slot 6,E1,jk2_init() Found child <*> in scoreboard slot <*>
909,909,910,Sun Dec 04 20:05:55 2005,notice,jk2_init() Found child 1886 in scoreboard slot 7,E1,jk2_init() Found child <*> in scoreboard slot <*>
910,910,911,Sun Dec 04 20:05:58 2005,notice,workerEnv.init() ok /etc/httpd/conf/workers2.properties,E2,workerEnv.init() ok <*>
911,911,912,Sun Dec 04 20:05:59 2005,error,mod_jk child workerEnv in error state 6,E3,mod_jk child workerEnv in error state <*>
912,912,913,Sun Dec 04 20:05:59 2005,notice,workerEnv.init() ok /etc/httpd/conf/workers2.properties,E2,workerEnv.init() ok <*>
913,913,914,Sun Dec 04 20:05:59 2005,error,mod_jk child workerEnv in error state 6,E3,mod_jk child workerEnv in error state <*>
914,914,915,Sun Dec 04 20:05:59 2005,notice,workerEnv.init() ok /etc/httpd/conf/workers2.properties,E2,workerEnv.init() ok <*>
915,915,916,Sun Dec 04 20:05:59 2005,error,mod_jk child workerEnv in error state 6,E3,mod_jk child workerEnv in error state <*>
916,916,917,Sun Dec 04 20:05:59 2005,notice,workerEnv.init() ok /etc/httpd/conf/workers2.properties,E2,workerEnv.init() ok <*>
917,917,918,Sun Dec 04 20:05:59 2005,error,mod_jk child workerEnv in error state 6,E3,mod_jk child workerEnv in error state <*>
918,918,919,Sun Dec 04 20:11:09 2005,notice,jk2_init() Found child 1899 in scoreboard slot 7,E1,jk2_init() Found child <*> in scoreboard slot <*>
919,919,920,Sun Dec 04 20:11:09 2005,notice,jk2_init() Found child 1900 in scoreboard slot 8,E1,jk2_init() Found child <*> in scoreboard slot <*>
920,920,921,Sun Dec 04 20:11:09 2005,notice,jk2_init() Found child 1901 in scoreboard slot 6,E1,jk2_init() Found child <*> in scoreboard slot <*>
921,921,922,Sun Dec 04 20:11:09 2005,notice,jk2_init() Found child 1898 in scoreboard slot 9,E1,jk2_init() Found child <*> in scoreboard slot <*>
922,922,923,Sun Dec 04 20:11:14 2005,notice,workerEnv.init() ok /etc/httpd/conf/workers2.properties,E2,workerEnv.init() ok <*>
923,923,924,Sun Dec 04 20:11:14 2005,error,mod_jk child workerEnv in error state 6,E3,mod_jk child workerEnv in error state <*>
924,924,925,Sun Dec 04 20:11:14 2005,notice,workerEnv.init() ok /etc/httpd/conf/workers2.properties,E2,workerEnv.init() ok <*>
925,925,926,Sun Dec 04 20:11:14 2005,error,mod_jk child workerEnv in error state 6,E3,mod_jk child workerEnv in error state <*>
926,926,927,Sun Dec 04 20:11:14 2005,notice,workerEnv.init() ok /etc/httpd/conf/workers2.properties,E2,workerEnv.init() ok <*>
927,927,928,Sun Dec 04 20:11:14 2005,error,mod_jk child workerEnv in error state 6,E3,mod_jk child workerEnv in error state <*>
928,928,929,Sun Dec 04 20:11:14 2005,notice,workerEnv.init() ok /etc/httpd/conf/workers2.properties,E2,workerEnv.init() ok <*>
929,929,930,Sun Dec 04 20:11:14 2005,error,mod_jk child workerEnv in error state 6,E3,mod_jk child workerEnv in error state <*>
930,930,931,Sun Dec 04 20:16:10 2005,notice,jk2_init() Found child 1912 in scoreboard slot 9,E1,jk2_init() Found child <*> in scoreboard slot <*>
931,931,932,Sun Dec 04 20:16:10 2005,notice,jk2_init() Found child 1915 in scoreboard slot 6,E1,jk2_init() Found child <*> in scoreboard slot <*>
932,932,933,Sun Dec 04 20:16:10 2005,notice,jk2_init() Found child 1913 in scoreboard slot 7,E1,jk2_init() Found child <*> in scoreboard slot <*>
933,933,934,Sun Dec 04 20:16:10 2005,notice,jk2_init() Found child 1914 in scoreboard slot 8,E1,jk2_init() Found child <*> in scoreboard slot <*>
934,934,935,Sun Dec 04 20:16:15 2005,notice,workerEnv.init() ok /etc/httpd/conf/workers2.properties,E2,workerEnv.init() ok <*>
935,935,936,Sun Dec 04 20:16:15 2005,notice,workerEnv.init() ok /etc/httpd/conf/workers2.properties,E2,workerEnv.init() ok <*>
936,936,937,Sun Dec 04 20:16:15 2005,notice,workerEnv.init() ok /etc/httpd/conf/workers2.properties,E2,workerEnv.init() ok <*>
937,937,938,Sun Dec 04 20:16:15 2005,notice,workerEnv.init() ok /etc/httpd/conf/workers2.properties,E2,workerEnv.init() ok <*>
938,938,939,Sun Dec 04 20:16:15 2005,error,mod_jk child workerEnv in error state 6,E3,mod_jk child workerEnv in error state <*>
939,939,940,Sun Dec 04 20:16:15 2005,error,mod_jk child workerEnv in error state 6,E3,mod_jk child workerEnv in error state <*>
940,940,941,Sun Dec 04 20:16:15 2005,error,mod_jk child workerEnv in error state 6,E3,mod_jk child workerEnv in error state <*>
941,941,942,Sun Dec 04 20:16:15 2005,error,mod_jk child workerEnv in error state 6,E3,mod_jk child workerEnv in error state <*>
942,942,943,Sun Dec 04 20:20:57 2005,notice,jk2_init() Found child 1931 in scoreboard slot 7,E1,jk2_init() Found child <*> in scoreboard slot <*>
943,943,944,Sun Dec 04 20:21:09 2005,notice,jk2_init() Found child 1932 in scoreboard slot 8,E1,jk2_init() Found child <*> in scoreboard slot <*>
944,944,945,Sun Dec 04 20:21:08 2005,notice,jk2_init() Found child 1933 in scoreboard slot 6,E1,jk2_init() Found child <*> in scoreboard slot <*>
945,945,946,Sun Dec 04 20:21:21 2005,notice,workerEnv.init() ok /etc/httpd/conf/workers2.properties,E2,workerEnv.init() ok <*>
946,946,947,Sun Dec 04 20:21:31 2005,notice,workerEnv.init() ok /etc/httpd/conf/workers2.properties,E2,workerEnv.init() ok <*>
947,947,948,Sun Dec 04 20:21:31 2005,notice,workerEnv.init() ok /etc/httpd/conf/workers2.properties,E2,workerEnv.init() ok <*>
948,948,949,Sun Dec 04 20:21:37 2005,notice,jk2_init() Found child 1934 in scoreboard slot 9,E1,jk2_init() Found child <*> in scoreboard slot <*>
949,949,950,Sun Dec 04 20:21:36 2005,error,mod_jk child workerEnv in error state 6,E3,mod_jk child workerEnv in error state <*>
950,950,951,Sun Dec 04 20:22:09 2005,notice,workerEnv.init() ok /etc/httpd/conf/workers2.properties,E2,workerEnv.init() ok <*>
951,951,952,Sun Dec 04 20:22:12 2005,notice,jk2_init() Found child 1936 in scoreboard slot 8,E1,jk2_init() Found child <*> in scoreboard slot <*>
952,952,953,Sun Dec 04 20:22:12 2005,notice,jk2_init() Found child 1935 in scoreboard slot 7,E1,jk2_init() Found child <*> in scoreboard slot <*>
953,953,954,Sun Dec 04 20:22:49 2005,notice,workerEnv.init() ok /etc/httpd/conf/workers2.properties,E2,workerEnv.init() ok <*>
954,954,955,Sun Dec 04 20:22:52 2005,error,mod_jk child workerEnv in error state 7,E3,mod_jk child workerEnv in error state <*>
955,955,956,Sun Dec 04 20:22:57 2005,notice,jk2_init() Found child 1937 in scoreboard slot 6,E1,jk2_init() Found child <*> in scoreboard slot <*>
956,956,957,Sun Dec 04 20:23:12 2005,notice,jk2_init() Found child 1938 in scoreboard slot 9,E1,jk2_init() Found child <*> in scoreboard slot <*>
957,957,958,Sun Dec 04 20:24:45 2005,notice,jk2_init() Found child 1950 in scoreboard slot 9,E1,jk2_init() Found child <*> in scoreboard slot <*>
958,958,959,Sun Dec 04 20:24:45 2005,notice,jk2_init() Found child 1951 in scoreboard slot 7,E1,jk2_init() Found child <*> in scoreboard slot <*>
959,959,960,Sun Dec 04 20:24:45 2005,notice,jk2_init() Found child 1949 in scoreboard slot 6,E1,jk2_init() Found child <*> in scoreboard slot <*>
960,960,961,Sun Dec 04 20:24:45 2005,notice,jk2_init() Found child 1948 in scoreboard slot 8,E1,jk2_init() Found child <*> in scoreboard slot <*>
961,961,962,Sun Dec 04 20:24:49 2005,notice,workerEnv.init() ok /etc/httpd/conf/workers2.properties,E2,workerEnv.init() ok <*>
962,962,963,Sun Dec 04 20:24:49 2005,error,mod_jk child workerEnv in error state 8,E3,mod_jk child workerEnv in error state <*>
963,963,964,Sun Dec 04 20:24:49 2005,notice,workerEnv.init() ok /etc/httpd/conf/workers2.properties,E2,workerEnv.init() ok <*>
964,964,965,Sun Dec 04 20:24:49 2005,error,mod_jk child workerEnv in error state 8,E3,mod_jk child workerEnv in error state <*>
965,965,966,Sun Dec 04 20:24:49 2005,notice,workerEnv.init() ok /etc/httpd/conf/workers2.properties,E2,workerEnv.init() ok <*>
966,966,967,Sun Dec 04 20:24:49 2005,error,mod_jk child workerEnv in error state 6,E3,mod_jk child workerEnv in error state <*>
967,967,968,Sun Dec 04 20:24:49 2005,notice,workerEnv.init() ok /etc/httpd/conf/workers2.properties,E2,workerEnv.init() ok <*>
968,968,969,Sun Dec 04 20:24:49 2005,error,mod_jk child workerEnv in error state 7,E3,mod_jk child workerEnv in error state <*>
969,969,970,Sun Dec 04 20:26:10 2005,notice,jk2_init() Found child 1957 in scoreboard slot 8,E1,jk2_init() Found child <*> in scoreboard slot <*>
970,970,971,Sun Dec 04 20:26:53 2005,notice,workerEnv.init() ok /etc/httpd/conf/workers2.properties,E2,workerEnv.init() ok <*>
971,971,972,Sun Dec 04 20:26:54 2005,error,mod_jk child workerEnv in error state 6,E3,mod_jk child workerEnv in error state <*>
972,972,973,Sun Dec 04 20:26:58 2005,notice,jk2_init() Found child 1959 in scoreboard slot 9,E1,jk2_init() Found child <*> in scoreboard slot <*>
973,973,974,Sun Dec 04 20:26:58 2005,notice,jk2_init() Found child 1958 in scoreboard slot 6,E1,jk2_init() Found child <*> in scoreboard slot <*>
974,974,975,Sun Dec 04 20:27:43 2005,notice,jk2_init() Found child 1961 in scoreboard slot 8,E1,jk2_init() Found child <*> in scoreboard slot <*>
975,975,976,Sun Dec 04 20:28:00 2005,notice,jk2_init() Found child 1962 in scoreboard slot 6,E1,jk2_init() Found child <*> in scoreboard slot <*>
976,976,977,Sun Dec 04 20:28:00 2005,notice,jk2_init() Found child 1963 in scoreboard slot 9,E1,jk2_init() Found child <*> in scoreboard slot <*>
977,977,978,Sun Dec 04 20:28:26 2005,notice,jk2_init() Found child 1964 in scoreboard slot 7,E1,jk2_init() Found child <*> in scoreboard slot <*>
978,978,979,Sun Dec 04 20:28:39 2005,notice,jk2_init() Found child 1966 in scoreboard slot 6,E1,jk2_init() Found child <*> in scoreboard slot <*>
979,979,980,Sun Dec 04 20:28:39 2005,notice,jk2_init() Found child 1967 in scoreboard slot 9,E1,jk2_init() Found child <*> in scoreboard slot <*>
980,980,981,Sun Dec 04 20:28:39 2005,notice,jk2_init() Found child 1965 in scoreboard slot 8,E1,jk2_init() Found child <*> in scoreboard slot <*>
981,981,982,Sun Dec 04 20:29:34 2005,notice,jk2_init() Found child 1970 in scoreboard slot 6,E1,jk2_init() Found child <*> in scoreboard slot <*>
982,982,983,Sun Dec 04 20:30:59 2005,notice,jk2_init() Found child 1984 in scoreboard slot 10,E1,jk2_init() Found child <*> in scoreboard slot <*>
983,983,984,Sun Dec 04 20:31:35 2005,notice,jk2_init() Found child 1990 in scoreboard slot 9,E1,jk2_init() Found child <*> in scoreboard slot <*>
984,984,985,Sun Dec 04 20:32:37 2005,notice,jk2_init() Found child 1999 in scoreboard slot 6,E1,jk2_init() Found child <*> in scoreboard slot <*>
985,985,986,Sun Dec 04 20:32:37 2005,notice,jk2_init() Found child 2000 in scoreboard slot 7,E1,jk2_init() Found child <*> in scoreboard slot <*>
986,986,987,Sun Dec 04 20:32:37 2005,notice,jk2_init() Found child 1998 in scoreboard slot 9,E1,jk2_init() Found child <*> in scoreboard slot <*>
987,987,988,Sun Dec 04 20:32:50 2005,notice,workerEnv.init() ok /etc/httpd/conf/workers2.properties,E2,workerEnv.init() ok <*>
988,988,989,Sun Dec 04 20:32:50 2005,notice,workerEnv.init() ok /etc/httpd/conf/workers2.properties,E2,workerEnv.init() ok <*>
989,989,990,Sun Dec 04 20:32:50 2005,notice,workerEnv.init() ok /etc/httpd/conf/workers2.properties,E2,workerEnv.init() ok <*>
990,990,991,Sun Dec 04 20:32:55 2005,error,mod_jk child workerEnv in error state 10,E3,mod_jk child workerEnv in error state <*>
991,991,992,Sun Dec 04 20:32:55 2005,error,mod_jk child workerEnv in error state 6,E3,mod_jk child workerEnv in error state <*>
992,992,993,Sun Dec 04 20:32:55 2005,error,mod_jk child workerEnv in error state 10,E3,mod_jk child workerEnv in error state <*>
993,993,994,Sun Dec 04 20:33:35 2005,notice,jk2_init() Found child 2002 in scoreboard slot 8,E1,jk2_init() Found child <*> in scoreboard slot <*>
994,994,995,Sun Dec 04 20:33:35 2005,notice,jk2_init() Found child 2001 in scoreboard slot 9,E1,jk2_init() Found child <*> in scoreboard slot <*>
995,995,996,Sun Dec 04 20:33:47 2005,notice,jk2_init() Found child 2005 in scoreboard slot 7,E1,jk2_init() Found child <*> in scoreboard slot <*>
996,996,997,Sun Dec 04 20:33:47 2005,notice,jk2_init() Found child 2004 in scoreboard slot 6,E1,jk2_init() Found child <*> in scoreboard slot <*>
997,997,998,Sun Dec 04 20:34:13 2005,notice,workerEnv.init() ok /etc/httpd/conf/workers2.properties,E2,workerEnv.init() ok <*>
998,998,999,Sun Dec 04 20:34:14 2005,error,mod_jk child workerEnv in error state 6,E3,mod_jk child workerEnv in error state <*>
999,999,1000,Sun Dec 04 20:34:20 2005,notice,jk2_init() Found child 2007 in scoreboard slot 8,E1,jk2_init() Found child <*> in scoreboard slot <*>
1000,1000,1001,Sun Dec 04 20:34:20 2005,notice,jk2_init() Found child 2006 in scoreboard slot 9,E1,jk2_init() Found child <*> in scoreboard slot <*>
1001,1001,1002,Sun Dec 04 20:34:21 2005,notice,jk2_init() Found child 2008 in scoreboard slot 6,E1,jk2_init() Found child <*> in scoreboard slot <*>
1002,1002,1003,Sun Dec 04 20:34:25 2005,notice,workerEnv.init() ok /etc/httpd/conf/workers2.properties,E2,workerEnv.init() ok <*>
1003,1003,1004,Sun Dec 04 20:34:25 2005,error,mod_jk child workerEnv in error state 7,E3,mod_jk child workerEnv in error state <*>
1004,1004,1005,Sun Dec 04 20:34:25 2005,notice,workerEnv.init() ok /etc/httpd/conf/workers2.properties,E2,workerEnv.init() ok <*>
1005,1005,1006,Sun Dec 04 20:34:25 2005,error,mod_jk child workerEnv in error state 9,E3,mod_jk child workerEnv in error state <*>
1006,1006,1007,Sun Dec 04 20:34:25 2005,notice,workerEnv.init() ok /etc/httpd/conf/workers2.properties,E2,workerEnv.init() ok <*>
1007,1007,1008,Sun Dec 04 20:34:25 2005,error,mod_jk child workerEnv in error state 7,E3,mod_jk child workerEnv in error state <*>
1008,1008,1009,Sun Dec 04 20:37:29 2005,notice,jk2_init() Found child 2028 in scoreboard slot 9,E1,jk2_init() Found child <*> in scoreboard slot <*>
1009,1009,1010,Sun Dec 04 20:37:29 2005,notice,jk2_init() Found child 2027 in scoreboard slot 7,E1,jk2_init() Found child <*> in scoreboard slot <*>
1010,1010,1011,Sun Dec 04 20:37:29 2005,notice,jk2_init() Found child 2029 in scoreboard slot 8,E1,jk2_init() Found child <*> in scoreboard slot <*>
1011,1011,1012,Sun Dec 04 20:37:46 2005,notice,workerEnv.init() ok /etc/httpd/conf/workers2.properties,E2,workerEnv.init() ok <*>
1012,1012,1013,Sun Dec 04 20:37:46 2005,notice,workerEnv.init() ok /etc/httpd/conf/workers2.properties,E2,workerEnv.init() ok <*>
1013,1013,1014,Sun Dec 04 20:37:49 2005,error,mod_jk child workerEnv in error state 6,E3,mod_jk child workerEnv in error state <*>
1014,1014,1015,Sun Dec 04 20:37:49 2005,error,mod_jk child workerEnv in error state 6,E3,mod_jk child workerEnv in error state <*>
1015,1015,1016,Sun Dec 04 20:38:10 2005,notice,jk2_init() Found child 2030 in scoreboard slot 6,E1,jk2_init() Found child <*> in scoreboard slot <*>
1016,1016,1017,Sun Dec 04 20:38:10 2005,notice,jk2_init() Found child 2031 in scoreboard slot 7,E1,jk2_init() Found child <*> in scoreboard slot <*>
1017,1017,1018,Sun Dec 04 20:38:11 2005,notice,jk2_init() Found child 2032 in scoreboard slot 9,E1,jk2_init() Found child <*> in scoreboard slot <*>
1018,1018,1019,Sun Dec 04 20:38:14 2005,notice,workerEnv.init() ok /etc/httpd/conf/workers2.properties,E2,workerEnv.init() ok <*>
1019,1019,1020,Sun Dec 04 20:38:14 2005,notice,workerEnv.init() ok /etc/httpd/conf/workers2.properties,E2,workerEnv.init() ok <*>
1020,1020,1021,Sun Dec 04 20:38:14 2005,notice,workerEnv.init() ok /etc/httpd/conf/workers2.properties,E2,workerEnv.init() ok <*>
1021,1021,1022,Sun Dec 04 20:38:14 2005,error,mod_jk child workerEnv in error state 6,E3,mod_jk child workerEnv in error state <*>
1022,1022,1023,Sun Dec 04 20:38:14 2005,error,mod_jk child workerEnv in error state 6,E3,mod_jk child workerEnv in error state <*>
1023,1023,1024,Sun Dec 04 20:38:14 2005,error,mod_jk child workerEnv in error state 7,E3,mod_jk child workerEnv in error state <*>
1024,1024,1025,Sun Dec 04 20:41:12 2005,notice,jk2_init() Found child 2042 in scoreboard slot 8,E1,jk2_init() Found child <*> in scoreboard slot <*>
1025,1025,1026,Sun Dec 04 20:41:47 2005,notice,jk2_init() Found child 2045 in scoreboard slot 9,E1,jk2_init() Found child <*> in scoreboard slot <*>
1026,1026,1027,Sun Dec 04 20:42:42 2005,notice,jk2_init() Found child 2051 in scoreboard slot 8,E1,jk2_init() Found child <*> in scoreboard slot <*>
1027,1027,1028,Sun Dec 04 20:44:29 2005,notice,jk2_init() Found child 2059 in scoreboard slot 7,E1,jk2_init() Found child <*> in scoreboard slot <*>
1028,1028,1029,Sun Dec 04 20:44:29 2005,notice,jk2_init() Found child 2060 in scoreboard slot 9,E1,jk2_init() Found child <*> in scoreboard slot <*>
1029,1029,1030,Sun Dec 04 20:44:30 2005,notice,jk2_init() Found child 2061 in scoreboard slot 8,E1,jk2_init() Found child <*> in scoreboard slot <*>
1030,1030,1031,Sun Dec 04 20:47:16 2005,notice,jk2_init() Found child 2081 in scoreboard slot 6,E1,jk2_init() Found child <*> in scoreboard slot <*>
1031,1031,1032,Sun Dec 04 20:47:16 2005,error,jk2_init() Can't find child 2082 in scoreboard,E5,jk2_init() Can't find child <*> in scoreboard <*>
1032,1032,1033,Sun Dec 04 20:47:16 2005,notice,jk2_init() Found child 2083 in scoreboard slot 8,E1,jk2_init() Found child <*> in scoreboard slot <*>
1033,1033,1034,Sun Dec 04 20:47:16 2005,notice,workerEnv.init() ok /etc/httpd/conf/workers2.properties,E2,workerEnv.init() ok <*>
1034,1034,1035,Sun Dec 04 20:47:16 2005,error,mod_jk child workerEnv in error state 6,E3,mod_jk child workerEnv in error state <*>
1035,1035,1036,Sun Dec 04 20:47:16 2005,notice,workerEnv.init() ok /etc/httpd/conf/workers2.properties,E2,workerEnv.init() ok <*>
1036,1036,1037,Sun Dec 04 20:47:16 2005,error,mod_jk child init 1 -2,E6,mod_jk child init <*> -<*>
1037,1037,1038,Sun Dec 04 20:47:16 2005,notice,workerEnv.init() ok /etc/httpd/conf/workers2.properties,E2,workerEnv.init() ok <*>
1038,1038,1039,Sun Dec 04 20:47:16 2005,error,mod_jk child workerEnv in error state 9,E3,mod_jk child workerEnv in error state <*>
1039,1039,1040,Sun Dec 04 20:47:17 2005,error,jk2_init() Can't find child 2085 in scoreboard,E5,jk2_init() Can't find child <*> in scoreboard <*>
1040,1040,1041,Sun Dec 04 20:47:17 2005,notice,workerEnv.init() ok /etc/httpd/conf/workers2.properties,E2,workerEnv.init() ok <*>
1041,1041,1042,Sun Dec 04 20:47:17 2005,error,mod_jk child init 1 -2,E6,mod_jk child init <*> -<*>
1042,1042,1043,Sun Dec 04 20:47:17 2005,error,jk2_init() Can't find child 2086 in scoreboard,E5,jk2_init() Can't find child <*> in scoreboard <*>
1043,1043,1044,Sun Dec 04 20:47:17 2005,notice,workerEnv.init() ok /etc/httpd/conf/workers2.properties,E2,workerEnv.init() ok <*>
1044,1044,1045,Sun Dec 04 20:47:17 2005,error,mod_jk child init 1 -2,E6,mod_jk child init <*> -<*>
1045,1045,1046,Sun Dec 04 20:47:17 2005,error,jk2_init() Can't find child 2087 in scoreboard,E5,jk2_init() Can't find child <*> in scoreboard <*>
1046,1046,1047,Sun Dec 04 20:47:17 2005,notice,jk2_init() Found child 2084 in scoreboard slot 9,E1,jk2_init() Found child <*> in scoreboard slot <*>
1047,1047,1048,Sun Dec 04 20:47:17 2005,notice,workerEnv.init() ok /etc/httpd/conf/workers2.properties,E2,workerEnv.init() ok <*>
1048,1048,1049,Sun Dec 04 20:47:17 2005,error,mod_jk child workerEnv in error state 7,E3,mod_jk child workerEnv in error state <*>
1049,1049,1050,Sun Dec 04 20:47:17 2005,notice,workerEnv.init() ok /etc/httpd/conf/workers2.properties,E2,workerEnv.init() ok <*>
1050,1050,1051,Sun Dec 04 20:47:17 2005,error,mod_jk child init 1 -2,E6,mod_jk child init <*> -<*>
1051,1051,1052,Mon Dec 05 01:04:31 2005,error,[client 218.62.18.218] Directory index forbidden by rule: /var/www/html/,E4,[client <*>] Directory index forbidden by rule: <*>
1052,1052,1053,Mon Dec 05 01:30:32 2005,error,[client 211.62.201.48] Directory index forbidden by rule: /var/www/html/,E4,[client <*>] Directory index forbidden by rule: <*>
1053,1053,1054,Mon Dec 05 03:21:00 2005,notice,jk2_init() Found child 2760 in scoreboard slot 6,E1,jk2_init() Found child <*> in scoreboard slot <*>
1054,1054,1055,Mon Dec 05 03:21:02 2005,notice,workerEnv.init() ok /etc/httpd/conf/workers2.properties,E2,workerEnv.init() ok <*>
1055,1055,1056,Mon Dec 05 03:21:02 2005,error,mod_jk child workerEnv in error state 6,E3,mod_jk child workerEnv in error state <*>
1056,1056,1057,Mon Dec 05 03:23:21 2005,notice,jk2_init() Found child 2763 in scoreboard slot 7,E1,jk2_init() Found child <*> in scoreboard slot <*>
1057,1057,1058,Mon Dec 05 03:23:24 2005,notice,workerEnv.init() ok /etc/httpd/conf/workers2.properties,E2,workerEnv.init() ok <*>
1058,1058,1059,Mon Dec 05 03:23:24 2005,error,mod_jk child workerEnv in error state 6,E3,mod_jk child workerEnv in error state <*>
1059,1059,1060,Mon Dec 05 03:23:24 2005,error,[client 218.207.61.7] Directory index forbidden by rule: /var/www/html/,E4,[client <*>] Directory index forbidden by rule: <*>
1060,1060,1061,Mon Dec 05 03:25:44 2005,notice,jk2_init() Found child 2773 in scoreboard slot 6,E1,jk2_init() Found child <*> in scoreboard slot <*>
1061,1061,1062,Mon Dec 05 03:25:46 2005,notice,workerEnv.init() ok /etc/httpd/conf/workers2.properties,E2,workerEnv.init() ok <*>
1062,1062,1063,Mon Dec 05 03:25:46 2005,error,mod_jk child workerEnv in error state 6,E3,mod_jk child workerEnv in error state <*>
1063,1063,1064,Mon Dec 05 03:36:51 2005,notice,jk2_init() Found child 2813 in scoreboard slot 7,E1,jk2_init() Found child <*> in scoreboard slot <*>
1064,1064,1065,Mon Dec 05 03:36:51 2005,notice,jk2_init() Found child 2815 in scoreboard slot 8,E1,jk2_init() Found child <*> in scoreboard slot <*>
1065,1065,1066,Mon Dec 05 03:36:51 2005,notice,jk2_init() Found child 2812 in scoreboard slot 6,E1,jk2_init() Found child <*> in scoreboard slot <*>
1066,1066,1067,Mon Dec 05 03:36:51 2005,notice,jk2_init() Found child 2811 in scoreboard slot 9,E1,jk2_init() Found child <*> in scoreboard slot <*>
1067,1067,1068,Mon Dec 05 03:36:57 2005,notice,workerEnv.init() ok /etc/httpd/conf/workers2.properties,E2,workerEnv.init() ok <*>
1068,1068,1069,Mon Dec 05 03:36:57 2005,notice,workerEnv.init() ok /etc/httpd/conf/workers2.properties,E2,workerEnv.init() ok <*>
1069,1069,1070,Mon Dec 05 03:36:57 2005,notice,workerEnv.init() ok /etc/httpd/conf/workers2.properties,E2,workerEnv.init() ok <*>
1070,1070,1071,Mon Dec 05 03:36:57 2005,notice,workerEnv.init() ok /etc/httpd/conf/workers2.properties,E2,workerEnv.init() ok <*>
1071,1071,1072,Mon Dec 05 03:36:57 2005,error,mod_jk child workerEnv in error state 6,E3,mod_jk child workerEnv in error state <*>
1072,1072,1073,Mon Dec 05 03:36:57 2005,error,mod_jk child workerEnv in error state 6,E3,mod_jk child workerEnv in error state <*>
1073,1073,1074,Mon Dec 05 03:36:57 2005,error,mod_jk child workerEnv in error state 6,E3,mod_jk child workerEnv in error state <*>
1074,1074,1075,Mon Dec 05 03:36:57 2005,error,mod_jk child workerEnv in error state 6,E3,mod_jk child workerEnv in error state <*>
1075,1075,1076,Mon Dec 05 03:40:46 2005,notice,jk2_init() Found child 2823 in scoreboard slot 9,E1,jk2_init() Found child <*> in scoreboard slot <*>
1076,1076,1077,Mon Dec 05 03:40:55 2005,notice,workerEnv.init() ok /etc/httpd/conf/workers2.properties,E2,workerEnv.init() ok <*>
1077,1077,1078,Mon Dec 05 03:40:55 2005,error,mod_jk child workerEnv in error state 6,E3,mod_jk child workerEnv in error state <*>
1078,1078,1079,Mon Dec 05 03:44:50 2005,notice,jk2_init() Found child 2824 in scoreboard slot 10,E1,jk2_init() Found child <*> in scoreboard slot <*>
1079,1079,1080,Mon Dec 05 03:44:50 2005,error,[client 168.20.198.21] Directory index forbidden by rule: /var/www/html/,E4,[client <*>] Directory index forbidden by rule: <*>
1080,1080,1081,Mon Dec 05 03:44:50 2005,notice,workerEnv.init() ok /etc/httpd/conf/workers2.properties,E2,workerEnv.init() ok <*>
1081,1081,1082,Mon Dec 05 03:44:50 2005,error,mod_jk child workerEnv in error state 6,E3,mod_jk child workerEnv in error state <*>
1082,1082,1083,Mon Dec 05 03:46:38 2005,notice,jk2_init() Found child 2838 in scoreboard slot 10,E1,jk2_init() Found child <*> in scoreboard slot <*>
1083,1083,1084,Mon Dec 05 03:46:38 2005,notice,jk2_init() Found child 2836 in scoreboard slot 9,E1,jk2_init() Found child <*> in scoreboard slot <*>
1084,1084,1085,Mon Dec 05 03:46:38 2005,notice,jk2_init() Found child 2837 in scoreboard slot 6,E1,jk2_init() Found child <*> in scoreboard slot <*>
1085,1085,1086,Mon Dec 05 03:46:50 2005,notice,workerEnv.init() ok /etc/httpd/conf/workers2.properties,E2,workerEnv.init() ok <*>
1086,1086,1087,Mon Dec 05 03:47:02 2005,notice,workerEnv.init() ok /etc/httpd/conf/workers2.properties,E2,workerEnv.init() ok <*>
1087,1087,1088,Mon Dec 05 03:47:19 2005,notice,jk2_init() Found child 2840 in scoreboard slot 8,E1,jk2_init() Found child <*> in scoreboard slot <*>
1088,1088,1089,Mon Dec 05 03:47:19 2005,notice,jk2_init() Found child 2841 in scoreboard slot 6,E1,jk2_init() Found child <*> in scoreboard slot <*>
1089,1089,1090,Mon Dec 05 03:47:19 2005,notice,jk2_init() Found child 2842 in scoreboard slot 9,E1,jk2_init() Found child <*> in scoreboard slot <*>
1090,1090,1091,Mon Dec 05 03:47:53 2005,notice,jk2_init() Found child 2846 in scoreboard slot 9,E1,jk2_init() Found child <*> in scoreboard slot <*>
1091,1091,1092,Mon Dec 05 03:47:53 2005,notice,jk2_init() Found child 2843 in scoreboard slot 7,E1,jk2_init() Found child <*> in scoreboard slot <*>
1092,1092,1093,Mon Dec 05 03:47:53 2005,notice,jk2_init() Found child 2844 in scoreboard slot 8,E1,jk2_init() Found child <*> in scoreboard slot <*>
1093,1093,1094,Mon Dec 05 03:47:53 2005,notice,jk2_init() Found child 2845 in scoreboard slot 6,E1,jk2_init() Found child <*> in scoreboard slot <*>
1094,1094,1095,Mon Dec 05 03:47:54 2005,notice,workerEnv.init() ok /etc/httpd/conf/workers2.properties,E2,workerEnv.init() ok <*>
1095,1095,1096,Mon Dec 05 03:47:54 2005,error,mod_jk child workerEnv in error state 8,E3,mod_jk child workerEnv in error state <*>
1096,1096,1097,Mon Dec 05 03:47:54 2005,notice,workerEnv.init() ok /etc/httpd/conf/workers2.properties,E2,workerEnv.init() ok <*>
1097,1097,1098,Mon Dec 05 03:47:54 2005,error,mod_jk child workerEnv in error state 8,E3,mod_jk child workerEnv in error state <*>
1098,1098,1099,Mon Dec 05 03:47:54 2005,notice,workerEnv.init() ok /etc/httpd/conf/workers2.properties,E2,workerEnv.init() ok <*>
1099,1099,1100,Mon Dec 05 03:47:54 2005,error,mod_jk child workerEnv in error state 7,E3,mod_jk child workerEnv in error state <*>
1100,1100,1101,Mon Dec 05 03:47:54 2005,notice,workerEnv.init() ok /etc/httpd/conf/workers2.properties,E2,workerEnv.init() ok <*>
1101,1101,1102,Mon Dec 05 03:47:54 2005,error,mod_jk child workerEnv in error state 6,E3,mod_jk child workerEnv in error state <*>
1102,1102,1103,Mon Dec 05 03:50:49 2005,notice,jk2_init() Found child 2857 in scoreboard slot 9,E1,jk2_init() Found child <*> in scoreboard slot <*>
1103,1103,1104,Mon Dec 05 03:50:50 2005,notice,jk2_init() Found child 2854 in scoreboard slot 7,E1,jk2_init() Found child <*> in scoreboard slot <*>
1104,1104,1105,Mon Dec 05 03:50:49 2005,notice,jk2_init() Found child 2855 in scoreboard slot 8,E1,jk2_init() Found child <*> in scoreboard slot <*>
1105,1105,1106,Mon Dec 05 03:50:49 2005,notice,jk2_init() Found child 2856 in scoreboard slot 6,E1,jk2_init() Found child <*> in scoreboard slot <*>
1106,1106,1107,Mon Dec 05 03:50:59 2005,notice,workerEnv.init() ok /etc/httpd/conf/workers2.properties,E2,workerEnv.init() ok <*>
1107,1107,1108,Mon Dec 05 03:50:59 2005,notice,workerEnv.init() ok /etc/httpd/conf/workers2.properties,E2,workerEnv.init() ok <*>
1108,1108,1109,Mon Dec 05 03:50:59 2005,notice,workerEnv.init() ok /etc/httpd/conf/workers2.properties,E2,workerEnv.init() ok <*>
1109,1109,1110,Mon Dec 05 03:50:59 2005,notice,workerEnv.init() ok /etc/httpd/conf/workers2.properties,E2,workerEnv.init() ok <*>
1110,1110,1111,Mon Dec 05 03:50:59 2005,error,mod_jk child workerEnv in error state 6,E3,mod_jk child workerEnv in error state <*>
1111,1111,1112,Mon Dec 05 03:50:59 2005,error,mod_jk child workerEnv in error state 6,E3,mod_jk child workerEnv in error state <*>
1112,1112,1113,Mon Dec 05 03:50:59 2005,error,mod_jk child workerEnv in error state 6,E3,mod_jk child workerEnv in error state <*>
1113,1113,1114,Mon Dec 05 03:50:59 2005,error,mod_jk child workerEnv in error state 6,E3,mod_jk child workerEnv in error state <*>
1114,1114,1115,Mon Dec 05 03:56:12 2005,notice,jk2_init() Found child 2866 in scoreboard slot 7,E1,jk2_init() Found child <*> in scoreboard slot <*>
1115,1115,1116,Mon Dec 05 03:56:12 2005,notice,jk2_init() Found child 2867 in scoreboard slot 8,E1,jk2_init() Found child <*> in scoreboard slot <*>
1116,1116,1117,Mon Dec 05 03:56:12 2005,notice,jk2_init() Found child 2865 in scoreboard slot 9,E1,jk2_init() Found child <*> in scoreboard slot <*>
1117,1117,1118,Mon Dec 05 03:56:12 2005,notice,jk2_init() Found child 2864 in scoreboard slot 6,E1,jk2_init() Found child <*> in scoreboard slot <*>
1118,1118,1119,Mon Dec 05 03:56:15 2005,notice,workerEnv.init() ok /etc/httpd/conf/workers2.properties,E2,workerEnv.init() ok <*>
1119,1119,1120,Mon Dec 05 03:56:15 2005,error,mod_jk child workerEnv in error state 6,E3,mod_jk child workerEnv in error state <*>
1120,1120,1121,Mon Dec 05 03:56:15 2005,notice,workerEnv.init() ok /etc/httpd/conf/workers2.properties,E2,workerEnv.init() ok <*>
1121,1121,1122,Mon Dec 05 03:56:15 2005,error,mod_jk child workerEnv in error state 6,E3,mod_jk child workerEnv in error state <*>
1122,1122,1123,Mon Dec 05 03:56:15 2005,notice,workerEnv.init() ok /etc/httpd/conf/workers2.properties,E2,workerEnv.init() ok <*>
1123,1123,1124,Mon Dec 05 03:56:15 2005,error,mod_jk child workerEnv in error state 6,E3,mod_jk child workerEnv in error state <*>
1124,1124,1125,Mon Dec 05 03:56:15 2005,notice,workerEnv.init() ok /etc/httpd/conf/workers2.properties,E2,workerEnv.init() ok <*>
1125,1125,1126,Mon Dec 05 03:56:15 2005,error,mod_jk child workerEnv in error state 6,E3,mod_jk child workerEnv in error state <*>
1126,1126,1127,Mon Dec 05 04:00:55 2005,notice,jk2_init() Found child 2877 in scoreboard slot 10,E1,jk2_init() Found child <*> in scoreboard slot <*>
1127,1127,1128,Mon Dec 05 04:01:18 2005,notice,jk2_init() Found child 2883 in scoreboard slot 9,E1,jk2_init() Found child <*> in scoreboard slot <*>
1128,1128,1129,Mon Dec 05 04:01:18 2005,notice,jk2_init() Found child 2878 in scoreboard slot 7,E1,jk2_init() Found child <*> in scoreboard slot <*>
1129,1129,1130,Mon Dec 05 04:01:18 2005,notice,jk2_init() Found child 2880 in scoreboard slot 8,E1,jk2_init() Found child <*> in scoreboard slot <*>
1130,1130,1131,Mon Dec 05 04:01:18 2005,notice,jk2_init() Found child 2879 in scoreboard slot 6,E1,jk2_init() Found child <*> in scoreboard slot <*>
1131,1131,1132,Mon Dec 05 04:01:23 2005,notice,workerEnv.init() ok /etc/httpd/conf/workers2.properties,E2,workerEnv.init() ok <*>
1132,1132,1133,Mon Dec 05 04:01:23 2005,error,mod_jk child workerEnv in error state 6,E3,mod_jk child workerEnv in error state <*>
1133,1133,1134,Mon Dec 05 04:01:23 2005,notice,workerEnv.init() ok /etc/httpd/conf/workers2.properties,E2,workerEnv.init() ok <*>
1134,1134,1135,Mon Dec 05 04:01:23 2005,error,mod_jk child workerEnv in error state 6,E3,mod_jk child workerEnv in error state <*>
1135,1135,1136,Mon Dec 05 04:01:23 2005,notice,workerEnv.init() ok /etc/httpd/conf/workers2.properties,E2,workerEnv.init() ok <*>
1136,1136,1137,Mon Dec 05 04:01:23 2005,error,mod_jk child workerEnv in error state 6,E3,mod_jk child workerEnv in error state <*>
1137,1137,1138,Mon Dec 05 04:01:23 2005,notice,workerEnv.init() ok /etc/httpd/conf/workers2.properties,E2,workerEnv.init() ok <*>
1138,1138,1139,Mon Dec 05 04:01:23 2005,error,mod_jk child workerEnv in error state 6,E3,mod_jk child workerEnv in error state <*>
1139,1139,1140,Mon Dec 05 04:06:19 2005,notice,jk2_init() Found child 3667 in scoreboard slot 7,E1,jk2_init() Found child <*> in scoreboard slot <*>
1140,1140,1141,Mon Dec 05 04:06:19 2005,notice,jk2_init() Found child 3669 in scoreboard slot 6,E1,jk2_init() Found child <*> in scoreboard slot <*>
1141,1141,1142,Mon Dec 05 04:06:27 2005,notice,jk2_init() Found child 3670 in scoreboard slot 8,E1,jk2_init() Found child <*> in scoreboard slot <*>
1142,1142,1143,Mon Dec 05 04:06:43 2005,notice,workerEnv.init() ok /etc/httpd/conf/workers2.properties,E2,workerEnv.init() ok <*>
1143,1143,1144,Mon Dec 05 04:06:43 2005,notice,workerEnv.init() ok /etc/httpd/conf/workers2.properties,E2,workerEnv.init() ok <*>
1144,1144,1145,Mon Dec 05 04:06:45 2005,error,mod_jk child workerEnv in error state 6,E3,mod_jk child workerEnv in error state <*>
1145,1145,1146,Mon Dec 05 04:06:45 2005,error,mod_jk child workerEnv in error state 6,E3,mod_jk child workerEnv in error state <*>
1146,1146,1147,Mon Dec 05 04:07:23 2005,notice,jk2_init() Found child 3672 in scoreboard slot 7,E1,jk2_init() Found child <*> in scoreboard slot <*>
1147,1147,1148,Mon Dec 05 04:07:37 2005,notice,jk2_init() Found child 3673 in scoreboard slot 6,E1,jk2_init() Found child <*> in scoreboard slot <*>
1148,1148,1149,Mon Dec 05 04:07:48 2005,notice,jk2_init() Found child 3675 in scoreboard slot 9,E1,jk2_init() Found child <*> in scoreboard slot <*>
1149,1149,1150,Mon Dec 05 04:07:48 2005,notice,jk2_init() Found child 3674 in scoreboard slot 8,E1,jk2_init() Found child <*> in scoreboard slot <*>
1150,1150,1151,Mon Dec 05 04:08:37 2005,notice,jk2_init() Found child 3678 in scoreboard slot 8,E1,jk2_init() Found child <*> in scoreboard slot <*>
1151,1151,1152,Mon Dec 05 04:08:37 2005,notice,jk2_init() Found child 3681 in scoreboard slot 6,E1,jk2_init() Found child <*> in scoreboard slot <*>
1152,1152,1153,Mon Dec 05 04:08:37 2005,notice,jk2_init() Found child 3679 in scoreboard slot 9,E1,jk2_init() Found child <*> in scoreboard slot <*>
1153,1153,1154,Mon Dec 05 04:08:37 2005,notice,jk2_init() Found child 3680 in scoreboard slot 7,E1,jk2_init() Found child <*> in scoreboard slot <*>
1154,1154,1155,Mon Dec 05 04:08:57 2005,notice,workerEnv.init() ok /etc/httpd/conf/workers2.properties,E2,workerEnv.init() ok <*>
1155,1155,1156,Mon Dec 05 04:09:32 2005,notice,jk2_init() Found child 3685 in scoreboard slot 6,E1,jk2_init() Found child <*> in scoreboard slot <*>
1156,1156,1157,Mon Dec 05 04:10:47 2005,notice,jk2_init() Found child 3698 in scoreboard slot 9,E1,jk2_init() Found child <*> in scoreboard slot <*>
1157,1157,1158,Mon Dec 05 04:10:47 2005,notice,jk2_init() Found child 3690 in scoreboard slot 6,E1,jk2_init() Found child <*> in scoreboard slot <*>
1158,1158,1159,Mon Dec 05 04:10:47 2005,notice,jk2_init() Found child 3691 in scoreboard slot 8,E1,jk2_init() Found child <*> in scoreboard slot <*>
1159,1159,1160,Mon Dec 05 04:13:54 2005,notice,jk2_init() Found child 3744 in scoreboard slot 6,E1,jk2_init() Found child <*> in scoreboard slot <*>
1160,1160,1161,Mon Dec 05 04:13:54 2005,notice,jk2_init() Found child 3747 in scoreboard slot 8,E1,jk2_init() Found child <*> in scoreboard slot <*>
1161,1161,1162,Mon Dec 05 04:13:54 2005,notice,jk2_init() Found child 3754 in scoreboard slot 12,E1,jk2_init() Found child <*> in scoreboard slot <*>
1162,1162,1163,Mon Dec 05 04:13:54 2005,notice,jk2_init() Found child 3755 in scoreboard slot 13,E1,jk2_init() Found child <*> in scoreboard slot <*>
1163,1163,1164,Mon Dec 05 04:13:54 2005,notice,jk2_init() Found child 3753 in scoreboard slot 10,E1,jk2_init() Found child <*> in scoreboard slot <*>
1164,1164,1165,Mon Dec 05 04:13:54 2005,notice,jk2_init() Found child 3752 in scoreboard slot 9,E1,jk2_init() Found child <*> in scoreboard slot <*>
1165,1165,1166,Mon Dec 05 04:13:54 2005,notice,jk2_init() Found child 3746 in scoreboard slot 7,E1,jk2_init() Found child <*> in scoreboard slot <*>
1166,1166,1167,Mon Dec 05 04:14:00 2005,notice,workerEnv.init() ok /etc/httpd/conf/workers2.properties,E2,workerEnv.init() ok <*>
1167,1167,1168,Mon Dec 05 04:14:00 2005,notice,workerEnv.init() ok /etc/httpd/conf/workers2.properties,E2,workerEnv.init() ok <*>
1168,1168,1169,Mon Dec 05 04:14:00 2005,error,mod_jk child workerEnv in error state 9,E3,mod_jk child workerEnv in error state <*>
1169,1169,1170,Mon Dec 05 04:14:00 2005,notice,workerEnv.init() ok /etc/httpd/conf/workers2.properties,E2,workerEnv.init() ok <*>
1170,1170,1171,Mon Dec 05 04:14:00 2005,error,mod_jk child workerEnv in error state 8,E3,mod_jk child workerEnv in error state <*>
1171,1171,1172,Mon Dec 05 04:14:00 2005,notice,workerEnv.init() ok /etc/httpd/conf/workers2.properties,E2,workerEnv.init() ok <*>
1172,1172,1173,Mon Dec 05 04:14:00 2005,error,mod_jk child workerEnv in error state 6,E3,mod_jk child workerEnv in error state <*>
1173,1173,1174,Mon Dec 05 04:14:00 2005,notice,workerEnv.init() ok /etc/httpd/conf/workers2.properties,E2,workerEnv.init() ok <*>
1174,1174,1175,Mon Dec 05 04:14:00 2005,error,mod_jk child workerEnv in error state 9,E3,mod_jk child workerEnv in error state <*>
1175,1175,1176,Mon Dec 05 04:14:00 2005,notice,workerEnv.init() ok /etc/httpd/conf/workers2.properties,E2,workerEnv.init() ok <*>
1176,1176,1177,Mon Dec 05 04:14:00 2005,error,mod_jk child workerEnv in error state 6,E3,mod_jk child workerEnv in error state <*>
1177,1177,1178,Mon Dec 05 04:14:00 2005,notice,workerEnv.init() ok /etc/httpd/conf/workers2.properties,E2,workerEnv.init() ok <*>
1178,1178,1179,Mon Dec 05 04:14:00 2005,error,mod_jk child workerEnv in error state 10,E3,mod_jk child workerEnv in error state <*>
1179,1179,1180,Mon Dec 05 04:14:00 2005,error,mod_jk child workerEnv in error state 9,E3,mod_jk child workerEnv in error state <*>
1180,1180,1181,Mon Dec 05 05:06:42 2005,notice,jk2_init() Found child 4596 in scoreboard slot 8,E1,jk2_init() Found child <*> in scoreboard slot <*>
1181,1181,1182,Mon Dec 05 05:06:42 2005,notice,jk2_init() Found child 4595 in scoreboard slot 7,E1,jk2_init() Found child <*> in scoreboard slot <*>
1182,1182,1183,Mon Dec 05 05:06:42 2005,notice,jk2_init() Found child 4594 in scoreboard slot 6,E1,jk2_init() Found child <*> in scoreboard slot <*>
1183,1183,1184,Mon Dec 05 05:06:47 2005,notice,workerEnv.init() ok /etc/httpd/conf/workers2.properties,E2,workerEnv.init() ok <*>
1184,1184,1185,Mon Dec 05 05:06:47 2005,notice,workerEnv.init() ok /etc/httpd/conf/workers2.properties,E2,workerEnv.init() ok <*>
1185,1185,1186,Mon Dec 05 05:06:47 2005,notice,workerEnv.init() ok /etc/httpd/conf/workers2.properties,E2,workerEnv.init() ok <*>
1186,1186,1187,Mon Dec 05 05:06:47 2005,error,mod_jk child workerEnv in error state 6,E3,mod_jk child workerEnv in error state <*>
1187,1187,1188,Mon Dec 05 05:06:47 2005,error,mod_jk child workerEnv in error state 6,E3,mod_jk child workerEnv in error state <*>
1188,1188,1189,Mon Dec 05 05:06:47 2005,error,mod_jk child workerEnv in error state 6,E3,mod_jk child workerEnv in error state <*>
1189,1189,1190,Mon Dec 05 05:11:04 2005,notice,jk2_init() Found child 4609 in scoreboard slot 7,E1,jk2_init() Found child <*> in scoreboard slot <*>
1190,1190,1191,Mon Dec 05 05:11:04 2005,notice,jk2_init() Found child 4608 in scoreboard slot 6,E1,jk2_init() Found child <*> in scoreboard slot <*>
1191,1191,1192,Mon Dec 05 05:11:34 2005,notice,jk2_init() Found child 4611 in scoreboard slot 9,E1,jk2_init() Found child <*> in scoreboard slot <*>
1192,1192,1193,Mon Dec 05 05:11:54 2005,notice,jk2_init() Found child 4613 in scoreboard slot 7,E1,jk2_init() Found child <*> in scoreboard slot <*>
1193,1193,1194,Mon Dec 05 05:11:54 2005,notice,jk2_init() Found child 4612 in scoreboard slot 6,E1,jk2_init() Found child <*> in scoreboard slot <*>
1194,1194,1195,Mon Dec 05 05:12:32 2005,notice,jk2_init() Found child 4615 in scoreboard slot 9,E1,jk2_init() Found child <*> in scoreboard slot <*>
1195,1195,1196,Mon Dec 05 05:12:56 2005,notice,jk2_init() Found child 4616 in scoreboard slot 6,E1,jk2_init() Found child <*> in scoreboard slot <*>
1196,1196,1197,Mon Dec 05 05:12:56 2005,notice,jk2_init() Found child 4617 in scoreboard slot 7,E1,jk2_init() Found child <*> in scoreboard slot <*>
1197,1197,1198,Mon Dec 05 05:12:56 2005,notice,jk2_init() Found child 4618 in scoreboard slot 8,E1,jk2_init() Found child <*> in scoreboard slot <*>
1198,1198,1199,Mon Dec 05 05:15:29 2005,notice,jk2_init() Found child 4634 in scoreboard slot 6,E1,jk2_init() Found child <*> in scoreboard slot <*>
1199,1199,1200,Mon Dec 05 05:15:29 2005,notice,jk2_init() Found child 4637 in scoreboard slot 7,E1,jk2_init() Found child <*> in scoreboard slot <*>
1200,1200,1201,Mon Dec 05 05:15:29 2005,notice,jk2_init() Found child 4631 in scoreboard slot 9,E1,jk2_init() Found child <*> in scoreboard slot <*>
1201,1201,1202,Mon Dec 05 05:15:29 2005,notice,jk2_init() Found child 4630 in scoreboard slot 8,E1,jk2_init() Found child <*> in scoreboard slot <*>
1202,1202,1203,Mon Dec 05 05:15:33 2005,notice,workerEnv.init() ok /etc/httpd/conf/workers2.properties,E2,workerEnv.init() ok <*>
1203,1203,1204,Mon Dec 05 05:15:33 2005,error,mod_jk child workerEnv in error state 9,E3,mod_jk child workerEnv in error state <*>
1204,1204,1205,Mon Dec 05 05:15:33 2005,notice,workerEnv.init() ok /etc/httpd/conf/workers2.properties,E2,workerEnv.init() ok <*>
1205,1205,1206,Mon Dec 05 05:15:33 2005,error,mod_jk child workerEnv in error state 9,E3,mod_jk child workerEnv in error state <*>
1206,1206,1207,Mon Dec 05 05:15:33 2005,notice,workerEnv.init() ok /etc/httpd/conf/workers2.properties,E2,workerEnv.init() ok <*>
1207,1207,1208,Mon Dec 05 05:15:33 2005,error,mod_jk child workerEnv in error state 7,E3,mod_jk child workerEnv in error state <*>
1208,1208,1209,Mon Dec 05 05:15:33 2005,notice,workerEnv.init() ok /etc/httpd/conf/workers2.properties,E2,workerEnv.init() ok <*>
1209,1209,1210,Mon Dec 05 05:15:33 2005,error,mod_jk child workerEnv in error state 8,E3,mod_jk child workerEnv in error state <*>
1210,1210,1211,Mon Dec 05 06:35:27 2005,notice,jk2_init() Found child 4820 in scoreboard slot 8,E1,jk2_init() Found child <*> in scoreboard slot <*>
1211,1211,1212,Mon Dec 05 06:35:27 2005,notice,workerEnv.init() ok /etc/httpd/conf/workers2.properties,E2,workerEnv.init() ok <*>
1212,1212,1213,Mon Dec 05 06:35:27 2005,error,mod_jk child workerEnv in error state 6,E3,mod_jk child workerEnv in error state <*>
1213,1213,1214,Mon Dec 05 06:36:58 2005,notice,jk2_init() Found child 4821 in scoreboard slot 10,E1,jk2_init() Found child <*> in scoreboard slot <*>
1214,1214,1215,Mon Dec 05 06:36:58 2005,notice,workerEnv.init() ok /etc/httpd/conf/workers2.properties,E2,workerEnv.init() ok <*>
1215,1215,1216,Mon Dec 05 06:36:58 2005,error,mod_jk child workerEnv in error state 6,E3,mod_jk child workerEnv in error state <*>
1216,1216,1217,Mon Dec 05 06:36:59 2005,error,[client 221.232.178.24] Directory index forbidden by rule: /var/www/html/,E4,[client <*>] Directory index forbidden by rule: <*>
1217,1217,1218,Mon Dec 05 07:16:00 2005,notice,jk2_init() Found child 4893 in scoreboard slot 7,E1,jk2_init() Found child <*> in scoreboard slot <*>
1218,1218,1219,Mon Dec 05 07:16:00 2005,notice,jk2_init() Found child 4892 in scoreboard slot 6,E1,jk2_init() Found child <*> in scoreboard slot <*>
1219,1219,1220,Mon Dec 05 07:16:03 2005,notice,workerEnv.init() ok /etc/httpd/conf/workers2.properties,E2,workerEnv.init() ok <*>
1220,1220,1221,Mon Dec 05 07:16:03 2005,error,mod_jk child workerEnv in error state 6,E3,mod_jk child workerEnv in error state <*>
1221,1221,1222,Mon Dec 05 07:16:03 2005,notice,workerEnv.init() ok /etc/httpd/conf/workers2.properties,E2,workerEnv.init() ok <*>
1222,1222,1223,Mon Dec 05 07:16:03 2005,error,mod_jk child workerEnv in error state 6,E3,mod_jk child workerEnv in error state <*>
1223,1223,1224,Mon Dec 05 07:21:03 2005,notice,jk2_init() Found child 4907 in scoreboard slot 6,E1,jk2_init() Found child <*> in scoreboard slot <*>
1224,1224,1225,Mon Dec 05 07:21:02 2005,notice,jk2_init() Found child 4906 in scoreboard slot 9,E1,jk2_init() Found child <*> in scoreboard slot <*>
1225,1225,1226,Mon Dec 05 07:21:02 2005,notice,jk2_init() Found child 4905 in scoreboard slot 8,E1,jk2_init() Found child <*> in scoreboard slot <*>
1226,1226,1227,Mon Dec 05 07:21:09 2005,notice,workerEnv.init() ok /etc/httpd/conf/workers2.properties,E2,workerEnv.init() ok <*>
1227,1227,1228,Mon Dec 05 07:21:09 2005,notice,workerEnv.init() ok /etc/httpd/conf/workers2.properties,E2,workerEnv.init() ok <*>
1228,1228,1229,Mon Dec 05 07:21:09 2005,error,mod_jk child workerEnv in error state 6,E3,mod_jk child workerEnv in error state <*>
1229,1229,1230,Mon Dec 05 07:21:09 2005,error,mod_jk child workerEnv in error state 6,E3,mod_jk child workerEnv in error state <*>
1230,1230,1231,Mon Dec 05 07:21:09 2005,notice,workerEnv.init() ok /etc/httpd/conf/workers2.properties,E2,workerEnv.init() ok <*>
1231,1231,1232,Mon Dec 05 07:21:09 2005,error,mod_jk child workerEnv in error state 6,E3,mod_jk child workerEnv in error state <*>
1232,1232,1233,Mon Dec 05 07:25:55 2005,notice,jk2_init() Found child 4916 in scoreboard slot 8,E1,jk2_init() Found child <*> in scoreboard slot <*>
1233,1233,1234,Mon Dec 05 07:25:55 2005,notice,jk2_init() Found child 4917 in scoreboard slot 9,E1,jk2_init() Found child <*> in scoreboard slot <*>
1234,1234,1235,Mon Dec 05 07:25:55 2005,notice,jk2_init() Found child 4915 in scoreboard slot 7,E1,jk2_init() Found child <*> in scoreboard slot <*>
1235,1235,1236,Mon Dec 05 07:25:59 2005,notice,workerEnv.init() ok /etc/httpd/conf/workers2.properties,E2,workerEnv.init() ok <*>
1236,1236,1237,Mon Dec 05 07:25:59 2005,notice,workerEnv.init() ok /etc/httpd/conf/workers2.properties,E2,workerEnv.init() ok <*>
1237,1237,1238,Mon Dec 05 07:25:59 2005,notice,workerEnv.init() ok /etc/httpd/conf/workers2.properties,E2,workerEnv.init() ok <*>
1238,1238,1239,Mon Dec 05 07:26:00 2005,error,mod_jk child workerEnv in error state 6,E3,mod_jk child workerEnv in error state <*>
1239,1239,1240,Mon Dec 05 07:26:00 2005,error,mod_jk child workerEnv in error state 6,E3,mod_jk child workerEnv in error state <*>
1240,1240,1241,Mon Dec 05 07:26:00 2005,error,mod_jk child workerEnv in error state 6,E3,mod_jk child workerEnv in error state <*>
1241,1241,1242,Mon Dec 05 07:31:22 2005,notice,jk2_init() Found child 4932 in scoreboard slot 6,E1,jk2_init() Found child <*> in scoreboard slot <*>
1242,1242,1243,Mon Dec 05 07:32:03 2005,notice,jk2_init() Found child 4938 in scoreboard slot 8,E1,jk2_init() Found child <*> in scoreboard slot <*>
1243,1243,1244,Mon Dec 05 07:32:03 2005,notice,jk2_init() Found child 4935 in scoreboard slot 9,E1,jk2_init() Found child <*> in scoreboard slot <*>
1244,1244,1245,Mon Dec 05 07:32:03 2005,notice,jk2_init() Found child 4936 in scoreboard slot 6,E1,jk2_init() Found child <*> in scoreboard slot <*>
1245,1245,1246,Mon Dec 05 07:32:03 2005,notice,jk2_init() Found child 4937 in scoreboard slot 7,E1,jk2_init() Found child <*> in scoreboard slot <*>
1246,1246,1247,Mon Dec 05 07:32:06 2005,notice,workerEnv.init() ok /etc/httpd/conf/workers2.properties,E2,workerEnv.init() ok <*>
1247,1247,1248,Mon Dec 05 07:32:06 2005,error,mod_jk child workerEnv in error state 6,E3,mod_jk child workerEnv in error state <*>
1248,1248,1249,Mon Dec 05 07:32:06 2005,notice,workerEnv.init() ok /etc/httpd/conf/workers2.properties,E2,workerEnv.init() ok <*>
1249,1249,1250,Mon Dec 05 07:32:06 2005,error,mod_jk child workerEnv in error state 6,E3,mod_jk child workerEnv in error state <*>
1250,1250,1251,Mon Dec 05 07:32:06 2005,notice,workerEnv.init() ok /etc/httpd/conf/workers2.properties,E2,workerEnv.init() ok <*>
1251,1251,1252,Mon Dec 05 07:32:06 2005,error,mod_jk child workerEnv in error state 6,E3,mod_jk child workerEnv in error state <*>
1252,1252,1253,Mon Dec 05 07:32:06 2005,notice,workerEnv.init() ok /etc/httpd/conf/workers2.properties,E2,workerEnv.init() ok <*>
1253,1253,1254,Mon Dec 05 07:32:06 2005,error,mod_jk child workerEnv in error state 6,E3,mod_jk child workerEnv in error state <*>
1254,1254,1255,Mon Dec 05 07:36:19 2005,notice,jk2_init() Found child 4950 in scoreboard slot 7,E1,jk2_init() Found child <*> in scoreboard slot <*>
1255,1255,1256,Mon Dec 05 07:37:47 2005,notice,jk2_init() Found child 4961 in scoreboard slot 6,E1,jk2_init() Found child <*> in scoreboard slot <*>
1256,1256,1257,Mon Dec 05 07:37:48 2005,notice,jk2_init() Found child 4962 in scoreboard slot 7,E1,jk2_init() Found child <*> in scoreboard slot <*>
1257,1257,1258,Mon Dec 05 07:37:48 2005,notice,jk2_init() Found child 4960 in scoreboard slot 9,E1,jk2_init() Found child <*> in scoreboard slot <*>
1258,1258,1259,Mon Dec 05 07:37:48 2005,notice,jk2_init() Found child 4959 in scoreboard slot 8,E1,jk2_init() Found child <*> in scoreboard slot <*>
1259,1259,1260,Mon Dec 05 07:37:58 2005,notice,workerEnv.init() ok /etc/httpd/conf/workers2.properties,E2,workerEnv.init() ok <*>
1260,1260,1261,Mon Dec 05 07:37:58 2005,notice,workerEnv.init() ok /etc/httpd/conf/workers2.properties,E2,workerEnv.init() ok <*>
1261,1261,1262,Mon Dec 05 07:37:58 2005,notice,workerEnv.init() ok /etc/httpd/conf/workers2.properties,E2,workerEnv.init() ok <*>
1262,1262,1263,Mon Dec 05 07:37:58 2005,notice,workerEnv.init() ok /etc/httpd/conf/workers2.properties,E2,workerEnv.init() ok <*>
1263,1263,1264,Mon Dec 05 07:37:58 2005,error,mod_jk child workerEnv in error state 6,E3,mod_jk child workerEnv in error state <*>
1264,1264,1265,Mon Dec 05 07:37:58 2005,error,mod_jk child workerEnv in error state 6,E3,mod_jk child workerEnv in error state <*>
1265,1265,1266,Mon Dec 05 07:37:58 2005,error,mod_jk child workerEnv in error state 6,E3,mod_jk child workerEnv in error state <*>
1266,1266,1267,Mon Dec 05 07:37:58 2005,error,mod_jk child workerEnv in error state 6,E3,mod_jk child workerEnv in error state <*>
1267,1267,1268,Mon Dec 05 07:41:07 2005,notice,jk2_init() Found child 4974 in scoreboard slot 9,E1,jk2_init() Found child <*> in scoreboard slot <*>
1268,1268,1269,Mon Dec 05 07:41:35 2005,notice,jk2_init() Found child 4975 in scoreboard slot 6,E1,jk2_init() Found child <*> in scoreboard slot <*>
1269,1269,1270,Mon Dec 05 07:41:50 2005,notice,jk2_init() Found child 4977 in scoreboard slot 8,E1,jk2_init() Found child <*> in scoreboard slot <*>
1270,1270,1271,Mon Dec 05 07:41:50 2005,notice,jk2_init() Found child 4976 in scoreboard slot 7,E1,jk2_init() Found child <*> in scoreboard slot <*>
1271,1271,1272,Mon Dec 05 07:43:07 2005,notice,jk2_init() Found child 4984 in scoreboard slot 7,E1,jk2_init() Found child <*> in scoreboard slot <*>
1272,1272,1273,Mon Dec 05 07:43:08 2005,notice,jk2_init() Found child 4985 in scoreboard slot 10,E1,jk2_init() Found child <*> in scoreboard slot <*>
1273,1273,1274,Mon Dec 05 07:43:07 2005,notice,jk2_init() Found child 4983 in scoreboard slot 6,E1,jk2_init() Found child <*> in scoreboard slot <*>
1274,1274,1275,Mon Dec 05 07:43:15 2005,notice,workerEnv.init() ok /etc/httpd/conf/workers2.properties,E2,workerEnv.init() ok <*>
1275,1275,1276,Mon Dec 05 07:43:16 2005,error,mod_jk child workerEnv in error state 7,E3,mod_jk child workerEnv in error state <*>
1276,1276,1277,Mon Dec 05 07:43:15 2005,notice,workerEnv.init() ok /etc/httpd/conf/workers2.properties,E2,workerEnv.init() ok <*>
1277,1277,1278,Mon Dec 05 07:43:16 2005,error,mod_jk child workerEnv in error state 7,E3,mod_jk child workerEnv in error state <*>
1278,1278,1279,Mon Dec 05 07:43:15 2005,notice,workerEnv.init() ok /etc/httpd/conf/workers2.properties,E2,workerEnv.init() ok <*>
1279,1279,1280,Mon Dec 05 07:43:16 2005,error,mod_jk child workerEnv in error state 6,E3,mod_jk child workerEnv in error state <*>
1280,1280,1281,Mon Dec 05 07:43:19 2005,notice,jk2_init() Found child 4986 in scoreboard slot 8,E1,jk2_init() Found child <*> in scoreboard slot <*>
1281,1281,1282,Mon Dec 05 07:43:19 2005,notice,workerEnv.init() ok /etc/httpd/conf/workers2.properties,E2,workerEnv.init() ok <*>
1282,1282,1283,Mon Dec 05 07:43:19 2005,error,mod_jk child workerEnv in error state 7,E3,mod_jk child workerEnv in error state <*>
1283,1283,1284,Mon Dec 05 07:46:01 2005,notice,jk2_init() Found child 4991 in scoreboard slot 6,E1,jk2_init() Found child <*> in scoreboard slot <*>
1284,1284,1285,Mon Dec 05 07:46:01 2005,notice,jk2_init() Found child 4992 in scoreboard slot 7,E1,jk2_init() Found child <*> in scoreboard slot <*>
1285,1285,1286,Mon Dec 05 07:46:46 2005,notice,jk2_init() Found child 4996 in scoreboard slot 7,E1,jk2_init() Found child <*> in scoreboard slot <*>
1286,1286,1287,Mon Dec 05 07:46:46 2005,notice,jk2_init() Found child 4995 in scoreboard slot 6,E1,jk2_init() Found child <*> in scoreboard slot <*>
1287,1287,1288,Mon Dec 05 07:47:13 2005,notice,jk2_init() Found child 4998 in scoreboard slot 8,E1,jk2_init() Found child <*> in scoreboard slot <*>
1288,1288,1289,Mon Dec 05 07:47:13 2005,notice,jk2_init() Found child 4999 in scoreboard slot 6,E1,jk2_init() Found child <*> in scoreboard slot <*>
1289,1289,1290,Mon Dec 05 07:47:21 2005,notice,workerEnv.init() ok /etc/httpd/conf/workers2.properties,E2,workerEnv.init() ok <*>
1290,1290,1291,Mon Dec 05 07:47:21 2005,notice,workerEnv.init() ok /etc/httpd/conf/workers2.properties,E2,workerEnv.init() ok <*>
1291,1291,1292,Mon Dec 05 07:47:21 2005,notice,jk2_init() Found child 5000 in scoreboard slot 7,E1,jk2_init() Found child <*> in scoreboard slot <*>
1292,1292,1293,Mon Dec 05 07:47:22 2005,error,mod_jk child workerEnv in error state 8,E3,mod_jk child workerEnv in error state <*>
1293,1293,1294,Mon Dec 05 07:47:21 2005,notice,jk2_init() Found child 5001 in scoreboard slot 9,E1,jk2_init() Found child <*> in scoreboard slot <*>
1294,1294,1295,Mon Dec 05 07:47:23 2005,error,mod_jk child workerEnv in error state 6,E3,mod_jk child workerEnv in error state <*>
1295,1295,1296,Mon Dec 05 07:47:36 2005,notice,workerEnv.init() ok /etc/httpd/conf/workers2.properties,E2,workerEnv.init() ok <*>
1296,1296,1297,Mon Dec 05 07:47:36 2005,notice,workerEnv.init() ok /etc/httpd/conf/workers2.properties,E2,workerEnv.init() ok <*>
1297,1297,1298,Mon Dec 05 07:47:40 2005,error,mod_jk child workerEnv in error state 7,E3,mod_jk child workerEnv in error state <*>
1298,1298,1299,Mon Dec 05 07:47:40 2005,error,mod_jk child workerEnv in error state 8,E3,mod_jk child workerEnv in error state <*>
1299,1299,1300,Mon Dec 05 07:48:04 2005,notice,jk2_init() Found child 5002 in scoreboard slot 8,E1,jk2_init() Found child <*> in scoreboard slot <*>
1300,1300,1301,Mon Dec 05 07:48:04 2005,notice,jk2_init() Found child 5003 in scoreboard slot 6,E1,jk2_init() Found child <*> in scoreboard slot <*>
1301,1301,1302,Mon Dec 05 07:48:46 2005,notice,jk2_init() Found child 5005 in scoreboard slot 9,E1,jk2_init() Found child <*> in scoreboard slot <*>
1302,1302,1303,Mon Dec 05 07:48:46 2005,notice,jk2_init() Found child 5006 in scoreboard slot 8,E1,jk2_init() Found child <*> in scoreboard slot <*>
1303,1303,1304,Mon Dec 05 07:48:55 2005,notice,workerEnv.init() ok /etc/httpd/conf/workers2.properties,E2,workerEnv.init() ok <*>
1304,1304,1305,Mon Dec 05 07:48:55 2005,notice,workerEnv.init() ok /etc/httpd/conf/workers2.properties,E2,workerEnv.init() ok <*>
1305,1305,1306,Mon Dec 05 07:48:55 2005,error,mod_jk child workerEnv in error state 6,E3,mod_jk child workerEnv in error state <*>
1306,1306,1307,Mon Dec 05 07:48:55 2005,error,mod_jk child workerEnv in error state 7,E3,mod_jk child workerEnv in error state <*>
1307,1307,1308,Mon Dec 05 07:48:56 2005,notice,jk2_init() Found child 5007 in scoreboard slot 6,E1,jk2_init() Found child <*> in scoreboard slot <*>
1308,1308,1309,Mon Dec 05 07:48:56 2005,notice,jk2_init() Found child 5008 in scoreboard slot 7,E1,jk2_init() Found child <*> in scoreboard slot <*>
1309,1309,1310,Mon Dec 05 07:48:56 2005,notice,workerEnv.init() ok /etc/httpd/conf/workers2.properties,E2,workerEnv.init() ok <*>
1310,1310,1311,Mon Dec 05 07:48:56 2005,error,mod_jk child workerEnv in error state 6,E3,mod_jk child workerEnv in error state <*>
1311,1311,1312,Mon Dec 05 07:48:56 2005,notice,workerEnv.init() ok /etc/httpd/conf/workers2.properties,E2,workerEnv.init() ok <*>
1312,1312,1313,Mon Dec 05 07:48:56 2005,error,mod_jk child workerEnv in error state 7,E3,mod_jk child workerEnv in error state <*>
1313,1313,1314,Mon Dec 05 07:50:54 2005,notice,jk2_init() Found child 5017 in scoreboard slot 8,E1,jk2_init() Found child <*> in scoreboard slot <*>
1314,1314,1315,Mon Dec 05 07:50:54 2005,notice,jk2_init() Found child 5016 in scoreboard slot 9,E1,jk2_init() Found child <*> in scoreboard slot <*>
1315,1315,1316,Mon Dec 05 07:51:22 2005,notice,jk2_init() Found child 5018 in scoreboard slot 6,E1,jk2_init() Found child <*> in scoreboard slot <*>
1316,1316,1317,Mon Dec 05 07:51:20 2005,notice,workerEnv.init() ok /etc/httpd/conf/workers2.properties,E2,workerEnv.init() ok <*>
1317,1317,1318,Mon Dec 05 07:51:23 2005,error,mod_jk child workerEnv in error state 6,E3,mod_jk child workerEnv in error state <*>
1318,1318,1319,Mon Dec 05 07:51:39 2005,notice,jk2_init() Found child 5020 in scoreboard slot 9,E1,jk2_init() Found child <*> in scoreboard slot <*>
1319,1319,1320,Mon Dec 05 07:51:39 2005,notice,jk2_init() Found child 5019 in scoreboard slot 7,E1,jk2_init() Found child <*> in scoreboard slot <*>
1320,1320,1321,Mon Dec 05 07:51:56 2005,notice,workerEnv.init() ok /etc/httpd/conf/workers2.properties,E2,workerEnv.init() ok <*>
1321,1321,1322,Mon Dec 05 07:51:56 2005,notice,workerEnv.init() ok /etc/httpd/conf/workers2.properties,E2,workerEnv.init() ok <*>
1322,1322,1323,Mon Dec 05 07:52:02 2005,error,mod_jk child workerEnv in error state 6,E3,mod_jk child workerEnv in error state <*>
1323,1323,1324,Mon Dec 05 07:52:02 2005,error,mod_jk child workerEnv in error state 7,E3,mod_jk child workerEnv in error state <*>
1324,1324,1325,Mon Dec 05 07:52:29 2005,notice,jk2_init() Found child 5021 in scoreboard slot 8,E1,jk2_init() Found child <*> in scoreboard slot <*>
1325,1325,1326,Mon Dec 05 07:52:29 2005,notice,jk2_init() Found child 5022 in scoreboard slot 6,E1,jk2_init() Found child <*> in scoreboard slot <*>
1326,1326,1327,Mon Dec 05 07:52:56 2005,notice,jk2_init() Found child 5024 in scoreboard slot 9,E1,jk2_init() Found child <*> in scoreboard slot <*>
1327,1327,1328,Mon Dec 05 07:52:56 2005,notice,jk2_init() Found child 5023 in scoreboard slot 7,E1,jk2_init() Found child <*> in scoreboard slot <*>
1328,1328,1329,Mon Dec 05 07:52:55 2005,notice,workerEnv.init() ok /etc/httpd/conf/workers2.properties,E2,workerEnv.init() ok <*>
1329,1329,1330,Mon Dec 05 07:53:01 2005,error,mod_jk child workerEnv in error state 7,E3,mod_jk child workerEnv in error state <*>
1330,1330,1331,Mon Dec 05 07:53:24 2005,notice,workerEnv.init() ok /etc/httpd/conf/workers2.properties,E2,workerEnv.init() ok <*>
1331,1331,1332,Mon Dec 05 07:54:01 2005,notice,jk2_init() Found child 5029 in scoreboard slot 8,E1,jk2_init() Found child <*> in scoreboard slot <*>
1332,1332,1333,Mon Dec 05 07:54:02 2005,notice,jk2_init() Found child 5030 in scoreboard slot 6,E1,jk2_init() Found child <*> in scoreboard slot <*>
1333,1333,1334,Mon Dec 05 07:54:48 2005,notice,jk2_init() Found child 5033 in scoreboard slot 8,E1,jk2_init() Found child <*> in scoreboard slot <*>
1334,1334,1335,Mon Dec 05 07:54:48 2005,notice,jk2_init() Found child 5032 in scoreboard slot 9,E1,jk2_init() Found child <*> in scoreboard slot <*>
1335,1335,1336,Mon Dec 05 07:55:00 2005,notice,jk2_init() Found child 5035 in scoreboard slot 7,E1,jk2_init() Found child <*> in scoreboard slot <*>
1336,1336,1337,Mon Dec 05 07:55:00 2005,notice,jk2_init() Found child 5034 in scoreboard slot 6,E1,jk2_init() Found child <*> in scoreboard slot <*>
1337,1337,1338,Mon Dec 05 07:55:07 2005,notice,workerEnv.init() ok /etc/httpd/conf/workers2.properties,E2,workerEnv.init() ok <*>
1338,1338,1339,Mon Dec 05 07:55:08 2005,error,mod_jk child workerEnv in error state 8,E3,mod_jk child workerEnv in error state <*>
1339,1339,1340,Mon Dec 05 07:55:07 2005,notice,workerEnv.init() ok /etc/httpd/conf/workers2.properties,E2,workerEnv.init() ok <*>
1340,1340,1341,Mon Dec 05 07:55:08 2005,error,mod_jk child workerEnv in error state 7,E3,mod_jk child workerEnv in error state <*>
1341,1341,1342,Mon Dec 05 07:55:07 2005,notice,workerEnv.init() ok /etc/httpd/conf/workers2.properties,E2,workerEnv.init() ok <*>
1342,1342,1343,Mon Dec 05 07:55:08 2005,error,mod_jk child workerEnv in error state 7,E3,mod_jk child workerEnv in error state <*>
1343,1343,1344,Mon Dec 05 07:55:13 2005,notice,jk2_init() Found child 5036 in scoreboard slot 9,E1,jk2_init() Found child <*> in scoreboard slot <*>
1344,1344,1345,Mon Dec 05 07:57:01 2005,notice,jk2_init() Found child 5050 in scoreboard slot 8,E1,jk2_init() Found child <*> in scoreboard slot <*>
1345,1345,1346,Mon Dec 05 07:57:01 2005,notice,jk2_init() Found child 5049 in scoreboard slot 7,E1,jk2_init() Found child <*> in scoreboard slot <*>
1346,1346,1347,Mon Dec 05 07:57:01 2005,notice,jk2_init() Found child 5048 in scoreboard slot 6,E1,jk2_init() Found child <*> in scoreboard slot <*>
1347,1347,1348,Mon Dec 05 07:57:02 2005,notice,jk2_init() Found child 5051 in scoreboard slot 9,E1,jk2_init() Found child <*> in scoreboard slot <*>
1348,1348,1349,Mon Dec 05 07:57:02 2005,error,jk2_init() Can't find child 5053 in scoreboard,E5,jk2_init() Can't find child <*> in scoreboard <*>
1349,1349,1350,Mon Dec 05 07:57:02 2005,error,jk2_init() Can't find child 5054 in scoreboard,E5,jk2_init() Can't find child <*> in scoreboard <*>
1350,1350,1351,Mon Dec 05 07:57:02 2005,notice,jk2_init() Found child 5052 in scoreboard slot 10,E1,jk2_init() Found child <*> in scoreboard slot <*>
1351,1351,1352,Mon Dec 05 07:57:02 2005,notice,workerEnv.init() ok /etc/httpd/conf/workers2.properties,E2,workerEnv.init() ok <*>
1352,1352,1353,Mon Dec 05 07:57:02 2005,error,mod_jk child workerEnv in error state 6,E3,mod_jk child workerEnv in error state <*>
1353,1353,1354,Mon Dec 05 07:57:02 2005,notice,workerEnv.init() ok /etc/httpd/conf/workers2.properties,E2,workerEnv.init() ok <*>
1354,1354,1355,Mon Dec 05 07:57:02 2005,error,mod_jk child workerEnv in error state 6,E3,mod_jk child workerEnv in error state <*>
1355,1355,1356,Mon Dec 05 07:57:02 2005,notice,workerEnv.init() ok /etc/httpd/conf/workers2.properties,E2,workerEnv.init() ok <*>
1356,1356,1357,Mon Dec 05 07:57:02 2005,error,mod_jk child workerEnv in error state 6,E3,mod_jk child workerEnv in error state <*>
1357,1357,1358,Mon Dec 05 07:57:02 2005,notice,workerEnv.init() ok /etc/httpd/conf/workers2.properties,E2,workerEnv.init() ok <*>
1358,1358,1359,Mon Dec 05 07:57:02 2005,error,mod_jk child workerEnv in error state 8,E3,mod_jk child workerEnv in error state <*>
1359,1359,1360,Mon Dec 05 07:57:02 2005,notice,workerEnv.init() ok /etc/httpd/conf/workers2.properties,E2,workerEnv.init() ok <*>
1360,1360,1361,Mon Dec 05 07:57:02 2005,error,mod_jk child workerEnv in error state 6,E3,mod_jk child workerEnv in error state <*>
1361,1361,1362,Mon Dec 05 07:57:02 2005,notice,workerEnv.init() ok /etc/httpd/conf/workers2.properties,E2,workerEnv.init() ok <*>
1362,1362,1363,Mon Dec 05 07:57:02 2005,error,mod_jk child init 1 -2,E6,mod_jk child init <*> -<*>
1363,1363,1364,Mon Dec 05 07:57:02 2005,notice,workerEnv.init() ok /etc/httpd/conf/workers2.properties,E2,workerEnv.init() ok <*>
1364,1364,1365,Mon Dec 05 07:57:02 2005,error,mod_jk child init 1 -2,E6,mod_jk child init <*> -<*>
1365,1365,1366,Mon Dec 05 09:09:48 2005,error,[client 207.12.15.211] Directory index forbidden by rule: /var/www/html/,E4,[client <*>] Directory index forbidden by rule: <*>
1366,1366,1367,Mon Dec 05 09:36:13 2005,notice,jk2_init() Found child 5271 in scoreboard slot 7,E1,jk2_init() Found child <*> in scoreboard slot <*>
1367,1367,1368,Mon Dec 05 09:36:13 2005,notice,jk2_init() Found child 5270 in scoreboard slot 6,E1,jk2_init() Found child <*> in scoreboard slot <*>
1368,1368,1369,Mon Dec 05 09:36:14 2005,notice,workerEnv.init() ok /etc/httpd/conf/workers2.properties,E2,workerEnv.init() ok <*>
1369,1369,1370,Mon Dec 05 09:36:14 2005,error,mod_jk child workerEnv in error state 6,E3,mod_jk child workerEnv in error state <*>
1370,1370,1371,Mon Dec 05 09:36:14 2005,notice,workerEnv.init() ok /etc/httpd/conf/workers2.properties,E2,workerEnv.init() ok <*>
1371,1371,1372,Mon Dec 05 09:36:14 2005,error,mod_jk child workerEnv in error state 6,E3,mod_jk child workerEnv in error state <*>
1372,1372,1373,Mon Dec 05 09:55:21 2005,notice,jk2_init() Found child 5295 in scoreboard slot 8,E1,jk2_init() Found child <*> in scoreboard slot <*>
1373,1373,1374,Mon Dec 05 09:55:21 2005,notice,workerEnv.init() ok /etc/httpd/conf/workers2.properties,E2,workerEnv.init() ok <*>
1374,1374,1375,Mon Dec 05 09:55:21 2005,error,mod_jk child workerEnv in error state 6,E3,mod_jk child workerEnv in error state <*>
1375,1375,1376,Mon Dec 05 10:10:32 2005,notice,jk2_init() Found child 5330 in scoreboard slot 9,E1,jk2_init() Found child <*> in scoreboard slot <*>
1376,1376,1377,Mon Dec 05 10:10:33 2005,notice,workerEnv.init() ok /etc/httpd/conf/workers2.properties,E2,workerEnv.init() ok <*>
1377,1377,1378,Mon Dec 05 10:10:33 2005,error,mod_jk child workerEnv in error state 6,E3,mod_jk child workerEnv in error state <*>
1378,1378,1379,Mon Dec 05 10:16:20 2005,notice,jk2_init() Found child 5344 in scoreboard slot 7,E1,jk2_init() Found child <*> in scoreboard slot <*>
1379,1379,1380,Mon Dec 05 10:16:52 2005,notice,jk2_init() Found child 5347 in scoreboard slot 6,E1,jk2_init() Found child <*> in scoreboard slot <*>
1380,1380,1381,Mon Dec 05 10:16:53 2005,notice,jk2_init() Found child 5348 in scoreboard slot 7,E1,jk2_init() Found child <*> in scoreboard slot <*>
1381,1381,1382,Mon Dec 05 10:17:45 2005,notice,jk2_init() Found child 5350 in scoreboard slot 9,E1,jk2_init() Found child <*> in scoreboard slot <*>
1382,1382,1383,Mon Dec 05 10:17:45 2005,notice,jk2_init() Found child 5349 in scoreboard slot 8,E1,jk2_init() Found child <*> in scoreboard slot <*>
1383,1383,1384,Mon Dec 05 10:17:49 2005,notice,jk2_init() Found child 5352 in scoreboard slot 7,E1,jk2_init() Found child <*> in scoreboard slot <*>
1384,1384,1385,Mon Dec 05 10:17:50 2005,notice,jk2_init() Found child 5351 in scoreboard slot 6,E1,jk2_init() Found child <*> in scoreboard slot <*>
1385,1385,1386,Mon Dec 05 10:17:51 2005,notice,workerEnv.init() ok /etc/httpd/conf/workers2.properties,E2,workerEnv.init() ok <*>
1386,1386,1387,Mon Dec 05 10:17:51 2005,notice,workerEnv.init() ok /etc/httpd/conf/workers2.properties,E2,workerEnv.init() ok <*>
1387,1387,1388,Mon Dec 05 10:17:51 2005,notice,workerEnv.init() ok /etc/httpd/conf/workers2.properties,E2,workerEnv.init() ok <*>
1388,1388,1389,Mon Dec 05 10:17:51 2005,notice,workerEnv.init() ok /etc/httpd/conf/workers2.properties,E2,workerEnv.init() ok <*>
1389,1389,1390,Mon Dec 05 10:17:51 2005,error,mod_jk child workerEnv in error state 6,E3,mod_jk child workerEnv in error state <*>
1390,1390,1391,Mon Dec 05 10:17:51 2005,error,mod_jk child workerEnv in error state 6,E3,mod_jk child workerEnv in error state <*>
1391,1391,1392,Mon Dec 05 10:17:51 2005,error,mod_jk child workerEnv in error state 7,E3,mod_jk child workerEnv in error state <*>
1392,1392,1393,Mon Dec 05 10:17:51 2005,error,mod_jk child workerEnv in error state 7,E3,mod_jk child workerEnv in error state <*>
1393,1393,1394,Mon Dec 05 10:21:05 2005,notice,jk2_init() Found child 5366 in scoreboard slot 9,E1,jk2_init() Found child <*> in scoreboard slot <*>
1394,1394,1395,Mon Dec 05 10:21:05 2005,notice,jk2_init() Found child 5365 in scoreboard slot 8,E1,jk2_init() Found child <*> in scoreboard slot <*>
1395,1395,1396,Mon Dec 05 10:21:05 2005,notice,jk2_init() Found child 5367 in scoreboard slot 6,E1,jk2_init() Found child <*> in scoreboard slot <*>
1396,1396,1397,Mon Dec 05 10:21:07 2005,notice,jk2_init() Found child 5368 in scoreboard slot 7,E1,jk2_init() Found child <*> in scoreboard slot <*>
1397,1397,1398,Mon Dec 05 10:21:13 2005,notice,workerEnv.init() ok /etc/httpd/conf/workers2.properties,E2,workerEnv.init() ok <*>
1398,1398,1399,Mon Dec 05 10:21:13 2005,notice,workerEnv.init() ok /etc/httpd/conf/workers2.properties,E2,workerEnv.init() ok <*>
1399,1399,1400,Mon Dec 05 10:21:13 2005,notice,workerEnv.init() ok /etc/httpd/conf/workers2.properties,E2,workerEnv.init() ok <*>
1400,1400,1401,Mon Dec 05 10:21:13 2005,notice,workerEnv.init() ok /etc/httpd/conf/workers2.properties,E2,workerEnv.init() ok <*>
1401,1401,1402,Mon Dec 05 10:21:13 2005,error,mod_jk child workerEnv in error state 6,E3,mod_jk child workerEnv in error state <*>
1402,1402,1403,Mon Dec 05 10:21:13 2005,error,mod_jk child workerEnv in error state 6,E3,mod_jk child workerEnv in error state <*>
1403,1403,1404,Mon Dec 05 10:21:13 2005,error,mod_jk child workerEnv in error state 6,E3,mod_jk child workerEnv in error state <*>
1404,1404,1405,Mon Dec 05 10:21:13 2005,error,mod_jk child workerEnv in error state 6,E3,mod_jk child workerEnv in error state <*>
1405,1405,1406,Mon Dec 05 10:26:26 2005,notice,jk2_init() Found child 5384 in scoreboard slot 7,E1,jk2_init() Found child <*> in scoreboard slot <*>
1406,1406,1407,Mon Dec 05 10:26:26 2005,notice,jk2_init() Found child 5385 in scoreboard slot 8,E1,jk2_init() Found child <*> in scoreboard slot <*>
1407,1407,1408,Mon Dec 05 10:26:25 2005,notice,jk2_init() Found child 5386 in scoreboard slot 9,E1,jk2_init() Found child <*> in scoreboard slot <*>
1408,1408,1409,Mon Dec 05 10:26:25 2005,notice,jk2_init() Found child 5387 in scoreboard slot 6,E1,jk2_init() Found child <*> in scoreboard slot <*>
1409,1409,1410,Mon Dec 05 10:26:31 2005,notice,workerEnv.init() ok /etc/httpd/conf/workers2.properties,E2,workerEnv.init() ok <*>
1410,1410,1411,Mon Dec 05 10:26:31 2005,error,mod_jk child workerEnv in error state 6,E3,mod_jk child workerEnv in error state <*>
1411,1411,1412,Mon Dec 05 10:26:31 2005,notice,workerEnv.init() ok /etc/httpd/conf/workers2.properties,E2,workerEnv.init() ok <*>
1412,1412,1413,Mon Dec 05 10:26:31 2005,error,mod_jk child workerEnv in error state 6,E3,mod_jk child workerEnv in error state <*>
1413,1413,1414,Mon Dec 05 10:26:31 2005,notice,workerEnv.init() ok /etc/httpd/conf/workers2.properties,E2,workerEnv.init() ok <*>
1414,1414,1415,Mon Dec 05 10:26:31 2005,error,mod_jk child workerEnv in error state 6,E3,mod_jk child workerEnv in error state <*>
1415,1415,1416,Mon Dec 05 10:26:31 2005,notice,workerEnv.init() ok /etc/httpd/conf/workers2.properties,E2,workerEnv.init() ok <*>
1416,1416,1417,Mon Dec 05 10:26:31 2005,error,mod_jk child workerEnv in error state 6,E3,mod_jk child workerEnv in error state <*>
1417,1417,1418,Mon Dec 05 10:26:36 2005,notice,jk2_init() Found child 5388 in scoreboard slot 10,E1,jk2_init() Found child <*> in scoreboard slot <*>
1418,1418,1419,Mon Dec 05 10:26:36 2005,notice,workerEnv.init() ok /etc/httpd/conf/workers2.properties,E2,workerEnv.init() ok <*>
1419,1419,1420,Mon Dec 05 10:26:36 2005,error,mod_jk child workerEnv in error state 6,E3,mod_jk child workerEnv in error state <*>
1420,1420,1421,Mon Dec 05 10:26:39 2005,error,[client 141.153.150.164] Directory index forbidden by rule: /var/www/html/,E4,[client <*>] Directory index forbidden by rule: <*>
1421,1421,1422,Mon Dec 05 10:28:44 2005,error,[client 198.232.168.9] Directory index forbidden by rule: /var/www/html/,E4,[client <*>] Directory index forbidden by rule: <*>
1422,1422,1423,Mon Dec 05 10:31:40 2005,notice,jk2_init() Found child 5404 in scoreboard slot 8,E1,jk2_init() Found child <*> in scoreboard slot <*>
1423,1423,1424,Mon Dec 05 10:31:40 2005,notice,jk2_init() Found child 5405 in scoreboard slot 9,E1,jk2_init() Found child <*> in scoreboard slot <*>
1424,1424,1425,Mon Dec 05 10:33:41 2005,notice,jk2_init() Found child 5418 in scoreboard slot 6,E1,jk2_init() Found child <*> in scoreboard slot <*>
1425,1425,1426,Mon Dec 05 10:33:41 2005,notice,jk2_init() Found child 5419 in scoreboard slot 7,E1,jk2_init() Found child <*> in scoreboard slot <*>
1426,1426,1427,Mon Dec 05 10:33:41 2005,notice,jk2_init() Found child 5417 in scoreboard slot 9,E1,jk2_init() Found child <*> in scoreboard slot <*>
1427,1427,1428,Mon Dec 05 10:33:41 2005,notice,jk2_init() Found child 5416 in scoreboard slot 8,E1,jk2_init() Found child <*> in scoreboard slot <*>
1428,1428,1429,Mon Dec 05 10:33:44 2005,notice,workerEnv.init() ok /etc/httpd/conf/workers2.properties,E2,workerEnv.init() ok <*>
1429,1429,1430,Mon Dec 05 10:33:44 2005,error,mod_jk child workerEnv in error state 6,E3,mod_jk child workerEnv in error state <*>
1430,1430,1431,Mon Dec 05 10:33:44 2005,notice,workerEnv.init() ok /etc/httpd/conf/workers2.properties,E2,workerEnv.init() ok <*>
1431,1431,1432,Mon Dec 05 10:33:44 2005,error,mod_jk child workerEnv in error state 6,E3,mod_jk child workerEnv in error state <*>
1432,1432,1433,Mon Dec 05 10:33:44 2005,notice,workerEnv.init() ok /etc/httpd/conf/workers2.properties,E2,workerEnv.init() ok <*>
1433,1433,1434,Mon Dec 05 10:33:44 2005,error,mod_jk child workerEnv in error state 7,E3,mod_jk child workerEnv in error state <*>
1434,1434,1435,Mon Dec 05 10:33:44 2005,notice,workerEnv.init() ok /etc/httpd/conf/workers2.properties,E2,workerEnv.init() ok <*>
1435,1435,1436,Mon Dec 05 10:33:44 2005,error,mod_jk child workerEnv in error state 7,E3,mod_jk child workerEnv in error state <*>
1436,1436,1437,Mon Dec 05 10:36:10 2005,notice,jk2_init() Found child 5426 in scoreboard slot 6,E1,jk2_init() Found child <*> in scoreboard slot <*>
1437,1437,1438,Mon Dec 05 10:36:10 2005,notice,jk2_init() Found child 5425 in scoreboard slot 9,E1,jk2_init() Found child <*> in scoreboard slot <*>
1438,1438,1439,Mon Dec 05 10:36:58 2005,notice,jk2_init() Found child 5428 in scoreboard slot 8,E1,jk2_init() Found child <*> in scoreboard slot <*>
1439,1439,1440,Mon Dec 05 10:37:27 2005,notice,jk2_init() Found child 5429 in scoreboard slot 9,E1,jk2_init() Found child <*> in scoreboard slot <*>
1440,1440,1441,Mon Dec 05 10:37:27 2005,notice,jk2_init() Found child 5430 in scoreboard slot 6,E1,jk2_init() Found child <*> in scoreboard slot <*>
1441,1441,1442,Mon Dec 05 10:38:00 2005,notice,jk2_init() Found child 5434 in scoreboard slot 6,E1,jk2_init() Found child <*> in scoreboard slot <*>
1442,1442,1443,Mon Dec 05 10:38:00 2005,notice,jk2_init() Found child 5433 in scoreboard slot 9,E1,jk2_init() Found child <*> in scoreboard slot <*>
1443,1443,1444,Mon Dec 05 10:38:00 2005,notice,jk2_init() Found child 5435 in scoreboard slot 7,E1,jk2_init() Found child <*> in scoreboard slot <*>
1444,1444,1445,Mon Dec 05 10:38:00 2005,notice,jk2_init() Found child 5432 in scoreboard slot 8,E1,jk2_init() Found child <*> in scoreboard slot <*>
1445,1445,1446,Mon Dec 05 10:38:04 2005,notice,workerEnv.init() ok /etc/httpd/conf/workers2.properties,E2,workerEnv.init() ok <*>
1446,1446,1447,Mon Dec 05 10:38:04 2005,error,mod_jk child workerEnv in error state 8,E3,mod_jk child workerEnv in error state <*>
1447,1447,1448,Mon Dec 05 10:38:04 2005,notice,workerEnv.init() ok /etc/httpd/conf/workers2.properties,E2,workerEnv.init() ok <*>
1448,1448,1449,Mon Dec 05 10:38:04 2005,error,mod_jk child workerEnv in error state 7,E3,mod_jk child workerEnv in error state <*>
1449,1449,1450,Mon Dec 05 10:38:04 2005,notice,workerEnv.init() ok /etc/httpd/conf/workers2.properties,E2,workerEnv.init() ok <*>
1450,1450,1451,Mon Dec 05 10:38:04 2005,error,mod_jk child workerEnv in error state 6,E3,mod_jk child workerEnv in error state <*>
1451,1451,1452,Mon Dec 05 10:38:04 2005,notice,workerEnv.init() ok /etc/httpd/conf/workers2.properties,E2,workerEnv.init() ok <*>
1452,1452,1453,Mon Dec 05 10:38:04 2005,error,mod_jk child workerEnv in error state 7,E3,mod_jk child workerEnv in error state <*>
1453,1453,1454,Mon Dec 05 10:41:14 2005,notice,jk2_init() Found child 5470 in scoreboard slot 9,E1,jk2_init() Found child <*> in scoreboard slot <*>
1454,1454,1455,Mon Dec 05 10:41:14 2005,notice,jk2_init() Found child 5469 in scoreboard slot 8,E1,jk2_init() Found child <*> in scoreboard slot <*>
1455,1455,1456,Mon Dec 05 10:42:23 2005,notice,jk2_init() Found child 5474 in scoreboard slot 9,E1,jk2_init() Found child <*> in scoreboard slot <*>
1456,1456,1457,Mon Dec 05 10:42:23 2005,notice,jk2_init() Found child 5475 in scoreboard slot 6,E1,jk2_init() Found child <*> in scoreboard slot <*>
1457,1457,1458,Mon Dec 05 10:43:19 2005,notice,jk2_init() Found child 5482 in scoreboard slot 9,E1,jk2_init() Found child <*> in scoreboard slot <*>
1458,1458,1459,Mon Dec 05 10:43:19 2005,notice,jk2_init() Found child 5480 in scoreboard slot 7,E1,jk2_init() Found child <*> in scoreboard slot <*>
1459,1459,1460,Mon Dec 05 10:43:19 2005,notice,jk2_init() Found child 5479 in scoreboard slot 6,E1,jk2_init() Found child <*> in scoreboard slot <*>
1460,1460,1461,Mon Dec 05 10:43:19 2005,notice,jk2_init() Found child 5481 in scoreboard slot 8,E1,jk2_init() Found child <*> in scoreboard slot <*>
1461,1461,1462,Mon Dec 05 10:43:34 2005,notice,workerEnv.init() ok /etc/httpd/conf/workers2.properties,E2,workerEnv.init() ok <*>
1462,1462,1463,Mon Dec 05 10:43:34 2005,notice,workerEnv.init() ok /etc/httpd/conf/workers2.properties,E2,workerEnv.init() ok <*>
1463,1463,1464,Mon Dec 05 10:43:39 2005,error,mod_jk child workerEnv in error state 8,E3,mod_jk child workerEnv in error state <*>
1464,1464,1465,Mon Dec 05 10:43:41 2005,notice,workerEnv.init() ok /etc/httpd/conf/workers2.properties,E2,workerEnv.init() ok <*>
1465,1465,1466,Mon Dec 05 10:43:41 2005,error,mod_jk child workerEnv in error state 7,E3,mod_jk child workerEnv in error state <*>
1466,1466,1467,Mon Dec 05 10:43:48 2005,notice,jk2_init() Found child 5484 in scoreboard slot 7,E1,jk2_init() Found child <*> in scoreboard slot <*>
1467,1467,1468,Mon Dec 05 10:43:48 2005,notice,jk2_init() Found child 5483 in scoreboard slot 6,E1,jk2_init() Found child <*> in scoreboard slot <*>
1468,1468,1469,Mon Dec 05 10:43:51 2005,notice,workerEnv.init() ok /etc/httpd/conf/workers2.properties,E2,workerEnv.init() ok <*>
1469,1469,1470,Mon Dec 05 10:43:51 2005,error,mod_jk child workerEnv in error state 7,E3,mod_jk child workerEnv in error state <*>
1470,1470,1471,Mon Dec 05 10:43:51 2005,notice,workerEnv.init() ok /etc/httpd/conf/workers2.properties,E2,workerEnv.init() ok <*>
1471,1471,1472,Mon Dec 05 10:43:51 2005,error,mod_jk child workerEnv in error state 8,E3,mod_jk child workerEnv in error state <*>
1472,1472,1473,Mon Dec 05 10:46:55 2005,notice,jk2_init() Found child 5497 in scoreboard slot 7,E1,jk2_init() Found child <*> in scoreboard slot <*>
1473,1473,1474,Mon Dec 05 10:46:55 2005,notice,jk2_init() Found child 5495 in scoreboard slot 9,E1,jk2_init() Found child <*> in scoreboard slot <*>
1474,1474,1475,Mon Dec 05 10:46:55 2005,notice,jk2_init() Found child 5494 in scoreboard slot 8,E1,jk2_init() Found child <*> in scoreboard slot <*>
1475,1475,1476,Mon Dec 05 10:46:55 2005,notice,jk2_init() Found child 5496 in scoreboard slot 6,E1,jk2_init() Found child <*> in scoreboard slot <*>
1476,1476,1477,Mon Dec 05 10:47:12 2005,notice,workerEnv.init() ok /etc/httpd/conf/workers2.properties,E2,workerEnv.init() ok <*>
1477,1477,1478,Mon Dec 05 10:47:12 2005,notice,workerEnv.init() ok /etc/httpd/conf/workers2.properties,E2,workerEnv.init() ok <*>
1478,1478,1479,Mon Dec 05 10:47:17 2005,error,mod_jk child workerEnv in error state 6,E3,mod_jk child workerEnv in error state <*>
1479,1479,1480,Mon Dec 05 10:47:17 2005,error,mod_jk child workerEnv in error state 6,E3,mod_jk child workerEnv in error state <*>
1480,1480,1481,Mon Dec 05 10:47:32 2005,notice,jk2_init() Found child 5499 in scoreboard slot 9,E1,jk2_init() Found child <*> in scoreboard slot <*>
1481,1481,1482,Mon Dec 05 10:47:33 2005,notice,jk2_init() Found child 5498 in scoreboard slot 8,E1,jk2_init() Found child <*> in scoreboard slot <*>
1482,1482,1483,Mon Dec 05 10:47:44 2005,notice,workerEnv.init() ok /etc/httpd/conf/workers2.properties,E2,workerEnv.init() ok <*>
1483,1483,1484,Mon Dec 05 10:47:44 2005,notice,workerEnv.init() ok /etc/httpd/conf/workers2.properties,E2,workerEnv.init() ok <*>
1484,1484,1485,Mon Dec 05 10:47:45 2005,error,mod_jk child workerEnv in error state 7,E3,mod_jk child workerEnv in error state <*>
1485,1485,1486,Mon Dec 05 10:47:45 2005,error,mod_jk child workerEnv in error state 7,E3,mod_jk child workerEnv in error state <*>
1486,1486,1487,Mon Dec 05 10:47:47 2005,notice,jk2_init() Found child 5500 in scoreboard slot 6,E1,jk2_init() Found child <*> in scoreboard slot <*>
1487,1487,1488,Mon Dec 05 10:47:47 2005,notice,workerEnv.init() ok /etc/httpd/conf/workers2.properties,E2,workerEnv.init() ok <*>
1488,1488,1489,Mon Dec 05 10:47:47 2005,error,mod_jk child workerEnv in error state 6,E3,mod_jk child workerEnv in error state <*>
1489,1489,1490,Mon Dec 05 10:48:43 2005,notice,jk2_init() Found child 5503 in scoreboard slot 10,E1,jk2_init() Found child <*> in scoreboard slot <*>
1490,1490,1491,Mon Dec 05 10:48:46 2005,notice,workerEnv.init() ok /etc/httpd/conf/workers2.properties,E2,workerEnv.init() ok <*>
1491,1491,1492,Mon Dec 05 10:48:46 2005,error,mod_jk child workerEnv in error state 6,E3,mod_jk child workerEnv in error state <*>
1492,1492,1493,Mon Dec 05 10:48:48 2005,error,[client 67.166.248.235] Directory index forbidden by rule: /var/www/html/,E4,[client <*>] Directory index forbidden by rule: <*>
1493,1493,1494,Mon Dec 05 10:51:12 2005,notice,jk2_init() Found child 5515 in scoreboard slot 7,E1,jk2_init() Found child <*> in scoreboard slot <*>
1494,1494,1495,Mon Dec 05 10:51:12 2005,notice,jk2_init() Found child 5516 in scoreboard slot 8,E1,jk2_init() Found child <*> in scoreboard slot <*>
1495,1495,1496,Mon Dec 05 10:51:33 2005,notice,workerEnv.init() ok /etc/httpd/conf/workers2.properties,E2,workerEnv.init() ok <*>
1496,1496,1497,Mon Dec 05 10:51:33 2005,notice,workerEnv.init() ok /etc/httpd/conf/workers2.properties,E2,workerEnv.init() ok <*>
1497,1497,1498,Mon Dec 05 10:51:35 2005,error,mod_jk child workerEnv in error state 6,E3,mod_jk child workerEnv in error state <*>
1498,1498,1499,Mon Dec 05 10:51:35 2005,error,mod_jk child workerEnv in error state 6,E3,mod_jk child workerEnv in error state <*>
1499,1499,1500,Mon Dec 05 10:51:59 2005,notice,jk2_init() Found child 5517 in scoreboard slot 6,E1,jk2_init() Found child <*> in scoreboard slot <*>
1500,1500,1501,Mon Dec 05 10:52:00 2005,notice,jk2_init() Found child 5518 in scoreboard slot 9,E1,jk2_init() Found child <*> in scoreboard slot <*>
1501,1501,1502,Mon Dec 05 10:52:15 2005,notice,workerEnv.init() ok /etc/httpd/conf/workers2.properties,E2,workerEnv.init() ok <*>
1502,1502,1503,Mon Dec 05 10:52:15 2005,notice,workerEnv.init() ok /etc/httpd/conf/workers2.properties,E2,workerEnv.init() ok <*>
1503,1503,1504,Mon Dec 05 10:52:21 2005,error,mod_jk child workerEnv in error state 6,E3,mod_jk child workerEnv in error state <*>
1504,1504,1505,Mon Dec 05 10:53:42 2005,notice,jk2_init() Found child 5527 in scoreboard slot 7,E1,jk2_init() Found child <*> in scoreboard slot <*>
1505,1505,1506,Mon Dec 05 10:53:42 2005,notice,jk2_init() Found child 5526 in scoreboard slot 9,E1,jk2_init() Found child <*> in scoreboard slot <*>
1506,1506,1507,Mon Dec 05 10:55:47 2005,notice,jk2_init() Found child 5538 in scoreboard slot 9,E1,jk2_init() Found child <*> in scoreboard slot <*>
1507,1507,1508,Mon Dec 05 10:59:25 2005,notice,jk2_init() Found child 5565 in scoreboard slot 9,E1,jk2_init() Found child <*> in scoreboard slot <*>
1508,1508,1509,Mon Dec 05 10:59:25 2005,notice,jk2_init() Found child 5563 in scoreboard slot 7,E1,jk2_init() Found child <*> in scoreboard slot <*>
1509,1509,1510,Mon Dec 05 10:59:25 2005,notice,jk2_init() Found child 5562 in scoreboard slot 6,E1,jk2_init() Found child <*> in scoreboard slot <*>
1510,1510,1511,Mon Dec 05 10:59:25 2005,notice,jk2_init() Found child 5564 in scoreboard slot 8,E1,jk2_init() Found child <*> in scoreboard slot <*>
1511,1511,1512,Mon Dec 05 10:59:25 2005,notice,jk2_init() Found child 5567 in scoreboard slot 12,E1,jk2_init() Found child <*> in scoreboard slot <*>
1512,1512,1513,Mon Dec 05 10:59:25 2005,notice,jk2_init() Found child 5568 in scoreboard slot 13,E1,jk2_init() Found child <*> in scoreboard slot <*>
1513,1513,1514,Mon Dec 05 10:59:25 2005,notice,jk2_init() Found child 5566 in scoreboard slot 10,E1,jk2_init() Found child <*> in scoreboard slot <*>
1514,1514,1515,Mon Dec 05 10:59:29 2005,notice,workerEnv.init() ok /etc/httpd/conf/workers2.properties,E2,workerEnv.init() ok <*>
1515,1515,1516,Mon Dec 05 10:59:29 2005,notice,workerEnv.init() ok /etc/httpd/conf/workers2.properties,E2,workerEnv.init() ok <*>
1516,1516,1517,Mon Dec 05 10:59:29 2005,notice,workerEnv.init() ok /etc/httpd/conf/workers2.properties,E2,workerEnv.init() ok <*>
1517,1517,1518,Mon Dec 05 10:59:29 2005,notice,workerEnv.init() ok /etc/httpd/conf/workers2.properties,E2,workerEnv.init() ok <*>
1518,1518,1519,Mon Dec 05 10:59:29 2005,notice,workerEnv.init() ok /etc/httpd/conf/workers2.properties,E2,workerEnv.init() ok <*>
1519,1519,1520,Mon Dec 05 10:59:29 2005,notice,workerEnv.init() ok /etc/httpd/conf/workers2.properties,E2,workerEnv.init() ok <*>
1520,1520,1521,Mon Dec 05 10:59:29 2005,notice,workerEnv.init() ok /etc/httpd/conf/workers2.properties,E2,workerEnv.init() ok <*>
1521,1521,1522,Mon Dec 05 10:59:29 2005,error,mod_jk child workerEnv in error state 6,E3,mod_jk child workerEnv in error state <*>
1522,1522,1523,Mon Dec 05 10:59:29 2005,error,mod_jk child workerEnv in error state 7,E3,mod_jk child workerEnv in error state <*>
1523,1523,1524,Mon Dec 05 10:59:29 2005,error,mod_jk child workerEnv in error state 8,E3,mod_jk child workerEnv in error state <*>
1524,1524,1525,Mon Dec 05 10:59:29 2005,error,mod_jk child workerEnv in error state 6,E3,mod_jk child workerEnv in error state <*>
1525,1525,1526,Mon Dec 05 10:59:29 2005,error,mod_jk child workerEnv in error state 6,E3,mod_jk child workerEnv in error state <*>
1526,1526,1527,Mon Dec 05 10:59:29 2005,error,mod_jk child workerEnv in error state 6,E3,mod_jk child workerEnv in error state <*>
1527,1527,1528,Mon Dec 05 10:59:29 2005,error,mod_jk child workerEnv in error state 7,E3,mod_jk child workerEnv in error state <*>
1528,1528,1529,Mon Dec 05 11:02:05 2005,notice,jk2_init() Found child 5579 in scoreboard slot 6,E1,jk2_init() Found child <*> in scoreboard slot <*>
1529,1529,1530,Mon Dec 05 11:04:16 2005,notice,jk2_init() Found child 5592 in scoreboard slot 8,E1,jk2_init() Found child <*> in scoreboard slot <*>
1530,1530,1531,Mon Dec 05 11:04:16 2005,notice,jk2_init() Found child 5593 in scoreboard slot 9,E1,jk2_init() Found child <*> in scoreboard slot <*>
1531,1531,1532,Mon Dec 05 11:06:50 2005,notice,jk2_init() Found child 5616 in scoreboard slot 6,E1,jk2_init() Found child <*> in scoreboard slot <*>
1532,1532,1533,Mon Dec 05 11:06:51 2005,notice,jk2_init() Found child 5617 in scoreboard slot 7,E1,jk2_init() Found child <*> in scoreboard slot <*>
1533,1533,1534,Mon Dec 05 11:06:51 2005,notice,jk2_init() Found child 5618 in scoreboard slot 8,E1,jk2_init() Found child <*> in scoreboard slot <*>
1534,1534,1535,Mon Dec 05 11:06:51 2005,notice,workerEnv.init() ok /etc/httpd/conf/workers2.properties,E2,workerEnv.init() ok <*>
1535,1535,1536,Mon Dec 05 11:06:51 2005,error,mod_jk child workerEnv in error state 6,E3,mod_jk child workerEnv in error state <*>
1536,1536,1537,Mon Dec 05 11:06:51 2005,notice,workerEnv.init() ok /etc/httpd/conf/workers2.properties,E2,workerEnv.init() ok <*>
1537,1537,1538,Mon Dec 05 11:06:51 2005,error,mod_jk child workerEnv in error state 7,E3,mod_jk child workerEnv in error state <*>
1538,1538,1539,Mon Dec 05 11:06:51 2005,notice,workerEnv.init() ok /etc/httpd/conf/workers2.properties,E2,workerEnv.init() ok <*>
1539,1539,1540,Mon Dec 05 11:06:51 2005,error,mod_jk child workerEnv in error state 6,E3,mod_jk child workerEnv in error state <*>
1540,1540,1541,Mon Dec 05 11:06:52 2005,error,jk2_init() Can't find child 5619 in scoreboard,E5,jk2_init() Can't find child <*> in scoreboard <*>
1541,1541,1542,Mon Dec 05 11:06:52 2005,notice,workerEnv.init() ok /etc/httpd/conf/workers2.properties,E2,workerEnv.init() ok <*>
1542,1542,1543,Mon Dec 05 11:06:52 2005,error,mod_jk child init 1 -2,E6,mod_jk child init <*> -<*>
1543,1543,1544,Mon Dec 05 11:06:52 2005,error,jk2_init() Can't find child 5620 in scoreboard,E5,jk2_init() Can't find child <*> in scoreboard <*>
1544,1544,1545,Mon Dec 05 11:06:52 2005,notice,workerEnv.init() ok /etc/httpd/conf/workers2.properties,E2,workerEnv.init() ok <*>
1545,1545,1546,Mon Dec 05 11:06:52 2005,error,mod_jk child init 1 -2,E6,mod_jk child init <*> -<*>
1546,1546,1547,Mon Dec 05 11:06:52 2005,error,jk2_init() Can't find child 5621 in scoreboard,E5,jk2_init() Can't find child <*> in scoreboard <*>
1547,1547,1548,Mon Dec 05 11:06:52 2005,notice,workerEnv.init() ok /etc/httpd/conf/workers2.properties,E2,workerEnv.init() ok <*>
1548,1548,1549,Mon Dec 05 11:06:52 2005,error,mod_jk child init 1 -2,E6,mod_jk child init <*> -<*>
1549,1549,1550,Mon Dec 05 11:06:52 2005,error,jk2_init() Can't find child 5622 in scoreboard,E5,jk2_init() Can't find child <*> in scoreboard <*>
1550,1550,1551,Mon Dec 05 11:06:52 2005,notice,workerEnv.init() ok /etc/httpd/conf/workers2.properties,E2,workerEnv.init() ok <*>
1551,1551,1552,Mon Dec 05 11:06:52 2005,error,mod_jk child init 1 -2,E6,mod_jk child init <*> -<*>
1552,1552,1553,Mon Dec 05 12:35:57 2005,notice,jk2_init() Found child 5785 in scoreboard slot 6,E1,jk2_init() Found child <*> in scoreboard slot <*>
1553,1553,1554,Mon Dec 05 12:35:57 2005,notice,jk2_init() Found child 5786 in scoreboard slot 7,E1,jk2_init() Found child <*> in scoreboard slot <*>
1554,1554,1555,Mon Dec 05 12:36:36 2005,notice,jk2_init() Found child 5790 in scoreboard slot 7,E1,jk2_init() Found child <*> in scoreboard slot <*>
1555,1555,1556,Mon Dec 05 12:36:36 2005,notice,jk2_init() Found child 5788 in scoreboard slot 9,E1,jk2_init() Found child <*> in scoreboard slot <*>
1556,1556,1557,Mon Dec 05 12:36:36 2005,notice,jk2_init() Found child 5789 in scoreboard slot 6,E1,jk2_init() Found child <*> in scoreboard slot <*>
1557,1557,1558,Mon Dec 05 12:36:36 2005,notice,jk2_init() Found child 5787 in scoreboard slot 8,E1,jk2_init() Found child <*> in scoreboard slot <*>
1558,1558,1559,Mon Dec 05 12:36:39 2005,notice,workerEnv.init() ok /etc/httpd/conf/workers2.properties,E2,workerEnv.init() ok <*>
1559,1559,1560,Mon Dec 05 12:36:39 2005,error,mod_jk child workerEnv in error state 7,E3,mod_jk child workerEnv in error state <*>
1560,1560,1561,Mon Dec 05 12:36:39 2005,notice,workerEnv.init() ok /etc/httpd/conf/workers2.properties,E2,workerEnv.init() ok <*>
1561,1561,1562,Mon Dec 05 12:36:39 2005,error,mod_jk child workerEnv in error state 6,E3,mod_jk child workerEnv in error state <*>
1562,1562,1563,Mon Dec 05 12:36:39 2005,notice,workerEnv.init() ok /etc/httpd/conf/workers2.properties,E2,workerEnv.init() ok <*>
1563,1563,1564,Mon Dec 05 12:36:39 2005,error,mod_jk child workerEnv in error state 7,E3,mod_jk child workerEnv in error state <*>
1564,1564,1565,Mon Dec 05 12:36:39 2005,notice,workerEnv.init() ok /etc/httpd/conf/workers2.properties,E2,workerEnv.init() ok <*>
1565,1565,1566,Mon Dec 05 12:36:39 2005,error,mod_jk child workerEnv in error state 6,E3,mod_jk child workerEnv in error state <*>
1566,1566,1567,Mon Dec 05 12:40:37 2005,notice,jk2_init() Found child 5798 in scoreboard slot 8,E1,jk2_init() Found child <*> in scoreboard slot <*>
1567,1567,1568,Mon Dec 05 12:40:38 2005,notice,workerEnv.init() ok /etc/httpd/conf/workers2.properties,E2,workerEnv.init() ok <*>
1568,1568,1569,Mon Dec 05 12:40:38 2005,error,mod_jk child workerEnv in error state 6,E3,mod_jk child workerEnv in error state <*>
1569,1569,1570,Mon Dec 05 12:50:42 2005,notice,jk2_init() Found child 5811 in scoreboard slot 6,E1,jk2_init() Found child <*> in scoreboard slot <*>
1570,1570,1571,Mon Dec 05 12:50:42 2005,notice,jk2_init() Found child 5810 in scoreboard slot 9,E1,jk2_init() Found child <*> in scoreboard slot <*>
1571,1571,1572,Mon Dec 05 12:50:43 2005,notice,workerEnv.init() ok /etc/httpd/conf/workers2.properties,E2,workerEnv.init() ok <*>
1572,1572,1573,Mon Dec 05 12:50:43 2005,notice,workerEnv.init() ok /etc/httpd/conf/workers2.properties,E2,workerEnv.init() ok <*>
1573,1573,1574,Mon Dec 05 12:50:43 2005,error,mod_jk child workerEnv in error state 6,E3,mod_jk child workerEnv in error state <*>
1574,1574,1575,Mon Dec 05 12:50:43 2005,error,mod_jk child workerEnv in error state 6,E3,mod_jk child workerEnv in error state <*>
1575,1575,1576,Mon Dec 05 12:55:48 2005,notice,jk2_init() Found child 5817 in scoreboard slot 8,E1,jk2_init() Found child <*> in scoreboard slot <*>
1576,1576,1577,Mon Dec 05 12:55:48 2005,notice,jk2_init() Found child 5816 in scoreboard slot 7,E1,jk2_init() Found child <*> in scoreboard slot <*>
1577,1577,1578,Mon Dec 05 12:55:49 2005,notice,workerEnv.init() ok /etc/httpd/conf/workers2.properties,E2,workerEnv.init() ok <*>
1578,1578,1579,Mon Dec 05 12:55:49 2005,error,mod_jk child workerEnv in error state 6,E3,mod_jk child workerEnv in error state <*>
1579,1579,1580,Mon Dec 05 12:55:49 2005,notice,workerEnv.init() ok /etc/httpd/conf/workers2.properties,E2,workerEnv.init() ok <*>
1580,1580,1581,Mon Dec 05 12:55:49 2005,error,mod_jk child workerEnv in error state 6,E3,mod_jk child workerEnv in error state <*>
1581,1581,1582,Mon Dec 05 13:00:33 2005,notice,jk2_init() Found child 5825 in scoreboard slot 9,E1,jk2_init() Found child <*> in scoreboard slot <*>
1582,1582,1583,Mon Dec 05 13:00:33 2005,notice,jk2_init() Found child 5826 in scoreboard slot 6,E1,jk2_init() Found child <*> in scoreboard slot <*>
1583,1583,1584,Mon Dec 05 13:00:34 2005,notice,workerEnv.init() ok /etc/httpd/conf/workers2.properties,E2,workerEnv.init() ok <*>
1584,1584,1585,Mon Dec 05 13:00:34 2005,error,mod_jk child workerEnv in error state 6,E3,mod_jk child workerEnv in error state <*>
1585,1585,1586,Mon Dec 05 13:00:34 2005,notice,workerEnv.init() ok /etc/httpd/conf/workers2.properties,E2,workerEnv.init() ok <*>
1586,1586,1587,Mon Dec 05 13:00:34 2005,error,mod_jk child workerEnv in error state 6,E3,mod_jk child workerEnv in error state <*>
1587,1587,1588,Mon Dec 05 13:05:24 2005,notice,jk2_init() Found child 5845 in scoreboard slot 7,E1,jk2_init() Found child <*> in scoreboard slot <*>
1588,1588,1589,Mon Dec 05 13:05:24 2005,notice,workerEnv.init() ok /etc/httpd/conf/workers2.properties,E2,workerEnv.init() ok <*>
1589,1589,1590,Mon Dec 05 13:05:24 2005,error,mod_jk child workerEnv in error state 6,E3,mod_jk child workerEnv in error state <*>
1590,1590,1591,Mon Dec 05 13:10:55 2005,notice,jk2_init() Found child 5856 in scoreboard slot 8,E1,jk2_init() Found child <*> in scoreboard slot <*>
1591,1591,1592,Mon Dec 05 13:10:59 2005,notice,workerEnv.init() ok /etc/httpd/conf/workers2.properties,E2,workerEnv.init() ok <*>
1592,1592,1593,Mon Dec 05 13:10:59 2005,error,mod_jk child workerEnv in error state 6,E3,mod_jk child workerEnv in error state <*>
1593,1593,1594,Mon Dec 05 13:16:27 2005,notice,jk2_init() Found child 5877 in scoreboard slot 9,E1,jk2_init() Found child <*> in scoreboard slot <*>
1594,1594,1595,Mon Dec 05 13:16:27 2005,notice,jk2_init() Found child 5876 in scoreboard slot 8,E1,jk2_init() Found child <*> in scoreboard slot <*>
1595,1595,1596,Mon Dec 05 13:16:27 2005,notice,jk2_init() Found child 5878 in scoreboard slot 6,E1,jk2_init() Found child <*> in scoreboard slot <*>
1596,1596,1597,Mon Dec 05 13:16:27 2005,notice,jk2_init() Found child 5875 in scoreboard slot 7,E1,jk2_init() Found child <*> in scoreboard slot <*>
1597,1597,1598,Mon Dec 05 13:16:29 2005,notice,workerEnv.init() ok /etc/httpd/conf/workers2.properties,E2,workerEnv.init() ok <*>
1598,1598,1599,Mon Dec 05 13:16:29 2005,error,mod_jk child workerEnv in error state 6,E3,mod_jk child workerEnv in error state <*>
1599,1599,1600,Mon Dec 05 13:16:29 2005,notice,workerEnv.init() ok /etc/httpd/conf/workers2.properties,E2,workerEnv.init() ok <*>
1600,1600,1601,Mon Dec 05 13:16:29 2005,error,mod_jk child workerEnv in error state 6,E3,mod_jk child workerEnv in error state <*>
1601,1601,1602,Mon Dec 05 13:16:29 2005,notice,workerEnv.init() ok /etc/httpd/conf/workers2.properties,E2,workerEnv.init() ok <*>
1602,1602,1603,Mon Dec 05 13:16:29 2005,error,mod_jk child workerEnv in error state 6,E3,mod_jk child workerEnv in error state <*>
1603,1603,1604,Mon Dec 05 13:16:29 2005,notice,workerEnv.init() ok /etc/httpd/conf/workers2.properties,E2,workerEnv.init() ok <*>
1604,1604,1605,Mon Dec 05 13:16:29 2005,error,mod_jk child workerEnv in error state 6,E3,mod_jk child workerEnv in error state <*>
1605,1605,1606,Mon Dec 05 13:21:35 2005,notice,jk2_init() Found child 5893 in scoreboard slot 9,E1,jk2_init() Found child <*> in scoreboard slot <*>
1606,1606,1607,Mon Dec 05 13:21:34 2005,notice,jk2_init() Found child 5892 in scoreboard slot 8,E1,jk2_init() Found child <*> in scoreboard slot <*>
1607,1607,1608,Mon Dec 05 13:22:45 2005,notice,jk2_init() Found child 5901 in scoreboard slot 9,E1,jk2_init() Found child <*> in scoreboard slot <*>
1608,1608,1609,Mon Dec 05 13:22:45 2005,notice,jk2_init() Found child 5899 in scoreboard slot 7,E1,jk2_init() Found child <*> in scoreboard slot <*>
1609,1609,1610,Mon Dec 05 13:22:45 2005,notice,jk2_init() Found child 5900 in scoreboard slot 8,E1,jk2_init() Found child <*> in scoreboard slot <*>
1610,1610,1611,Mon Dec 05 13:22:45 2005,notice,jk2_init() Found child 5898 in scoreboard slot 6,E1,jk2_init() Found child <*> in scoreboard slot <*>
1611,1611,1612,Mon Dec 05 13:22:48 2005,notice,workerEnv.init() ok /etc/httpd/conf/workers2.properties,E2,workerEnv.init() ok <*>
1612,1612,1613,Mon Dec 05 13:22:48 2005,error,mod_jk child workerEnv in error state 7,E3,mod_jk child workerEnv in error state <*>
1613,1613,1614,Mon Dec 05 13:22:48 2005,notice,workerEnv.init() ok /etc/httpd/conf/workers2.properties,E2,workerEnv.init() ok <*>
1614,1614,1615,Mon Dec 05 13:22:48 2005,error,mod_jk child workerEnv in error state 7,E3,mod_jk child workerEnv in error state <*>
1615,1615,1616,Mon Dec 05 13:22:48 2005,notice,workerEnv.init() ok /etc/httpd/conf/workers2.properties,E2,workerEnv.init() ok <*>
1616,1616,1617,Mon Dec 05 13:22:48 2005,error,mod_jk child workerEnv in error state 6,E3,mod_jk child workerEnv in error state <*>
1617,1617,1618,Mon Dec 05 13:22:48 2005,notice,workerEnv.init() ok /etc/httpd/conf/workers2.properties,E2,workerEnv.init() ok <*>
1618,1618,1619,Mon Dec 05 13:22:48 2005,error,mod_jk child workerEnv in error state 6,E3,mod_jk child workerEnv in error state <*>
1619,1619,1620,Mon Dec 05 13:26:03 2005,notice,jk2_init() Found child 5912 in scoreboard slot 7,E1,jk2_init() Found child <*> in scoreboard slot <*>
1620,1620,1621,Mon Dec 05 13:26:37 2005,notice,jk2_init() Found child 5914 in scoreboard slot 9,E1,jk2_init() Found child <*> in scoreboard slot <*>
1621,1621,1622,Mon Dec 05 13:26:37 2005,notice,jk2_init() Found child 5915 in scoreboard slot 6,E1,jk2_init() Found child <*> in scoreboard slot <*>
1622,1622,1623,Mon Dec 05 13:27:15 2005,notice,jk2_init() Found child 5917 in scoreboard slot 8,E1,jk2_init() Found child <*> in scoreboard slot <*>
1623,1623,1624,Mon Dec 05 13:27:14 2005,notice,jk2_init() Found child 5916 in scoreboard slot 7,E1,jk2_init() Found child <*> in scoreboard slot <*>
1624,1624,1625,Mon Dec 05 13:27:15 2005,notice,jk2_init() Found child 5919 in scoreboard slot 6,E1,jk2_init() Found child <*> in scoreboard slot <*>
1625,1625,1626,Mon Dec 05 13:27:15 2005,notice,jk2_init() Found child 5918 in scoreboard slot 9,E1,jk2_init() Found child <*> in scoreboard slot <*>
1626,1626,1627,Mon Dec 05 13:28:14 2005,notice,jk2_init() Found child 5925 in scoreboard slot 8,E1,jk2_init() Found child <*> in scoreboard slot <*>
1627,1627,1628,Mon Dec 05 13:28:14 2005,notice,jk2_init() Found child 5923 in scoreboard slot 6,E1,jk2_init() Found child <*> in scoreboard slot <*>
1628,1628,1629,Mon Dec 05 13:28:14 2005,notice,jk2_init() Found child 5924 in scoreboard slot 7,E1,jk2_init() Found child <*> in scoreboard slot <*>
1629,1629,1630,Mon Dec 05 13:28:14 2005,notice,jk2_init() Found child 5922 in scoreboard slot 9,E1,jk2_init() Found child <*> in scoreboard slot <*>
1630,1630,1631,Mon Dec 05 13:28:17 2005,notice,workerEnv.init() ok /etc/httpd/conf/workers2.properties,E2,workerEnv.init() ok <*>
1631,1631,1632,Mon Dec 05 13:28:17 2005,error,mod_jk child workerEnv in error state 7,E3,mod_jk child workerEnv in error state <*>
1632,1632,1633,Mon Dec 05 13:28:17 2005,notice,workerEnv.init() ok /etc/httpd/conf/workers2.properties,E2,workerEnv.init() ok <*>
1633,1633,1634,Mon Dec 05 13:28:17 2005,error,mod_jk child workerEnv in error state 8,E3,mod_jk child workerEnv in error state <*>
1634,1634,1635,Mon Dec 05 13:28:17 2005,notice,workerEnv.init() ok /etc/httpd/conf/workers2.properties,E2,workerEnv.init() ok <*>
1635,1635,1636,Mon Dec 05 13:28:17 2005,error,mod_jk child workerEnv in error state 8,E3,mod_jk child workerEnv in error state <*>
1636,1636,1637,Mon Dec 05 13:28:17 2005,notice,workerEnv.init() ok /etc/httpd/conf/workers2.properties,E2,workerEnv.init() ok <*>
1637,1637,1638,Mon Dec 05 13:28:17 2005,error,mod_jk child workerEnv in error state 8,E3,mod_jk child workerEnv in error state <*>
1638,1638,1639,Mon Dec 05 13:31:19 2005,notice,jk2_init() Found child 5935 in scoreboard slot 9,E1,jk2_init() Found child <*> in scoreboard slot <*>
1639,1639,1640,Mon Dec 05 13:31:19 2005,notice,jk2_init() Found child 5936 in scoreboard slot 6,E1,jk2_init() Found child <*> in scoreboard slot <*>
1640,1640,1641,Mon Dec 05 13:31:53 2005,notice,jk2_init() Found child 5938 in scoreboard slot 8,E1,jk2_init() Found child <*> in scoreboard slot <*>
1641,1641,1642,Mon Dec 05 13:31:53 2005,notice,jk2_init() Found child 5937 in scoreboard slot 7,E1,jk2_init() Found child <*> in scoreboard slot <*>
1642,1642,1643,Mon Dec 05 13:32:01 2005,notice,jk2_init() Found child 5940 in scoreboard slot 6,E1,jk2_init() Found child <*> in scoreboard slot <*>
1643,1643,1644,Mon Dec 05 13:32:01 2005,notice,jk2_init() Found child 5939 in scoreboard slot 9,E1,jk2_init() Found child <*> in scoreboard slot <*>
1644,1644,1645,Mon Dec 05 13:32:04 2005,notice,workerEnv.init() ok /etc/httpd/conf/workers2.properties,E2,workerEnv.init() ok <*>
1645,1645,1646,Mon Dec 05 13:32:04 2005,notice,workerEnv.init() ok /etc/httpd/conf/workers2.properties,E2,workerEnv.init() ok <*>
1646,1646,1647,Mon Dec 05 13:32:04 2005,error,mod_jk child workerEnv in error state 6,E3,mod_jk child workerEnv in error state <*>
1647,1647,1648,Mon Dec 05 13:32:04 2005,error,mod_jk child workerEnv in error state 6,E3,mod_jk child workerEnv in error state <*>
1648,1648,1649,Mon Dec 05 13:32:09 2005,notice,workerEnv.init() ok /etc/httpd/conf/workers2.properties,E2,workerEnv.init() ok <*>
1649,1649,1650,Mon Dec 05 13:32:09 2005,notice,workerEnv.init() ok /etc/httpd/conf/workers2.properties,E2,workerEnv.init() ok <*>
1650,1650,1651,Mon Dec 05 13:32:10 2005,error,mod_jk child workerEnv in error state 7,E3,mod_jk child workerEnv in error state <*>
1651,1651,1652,Mon Dec 05 13:32:10 2005,error,mod_jk child workerEnv in error state 7,E3,mod_jk child workerEnv in error state <*>
1652,1652,1653,Mon Dec 05 13:32:28 2005,notice,jk2_init() Found child 5942 in scoreboard slot 8,E1,jk2_init() Found child <*> in scoreboard slot <*>
1653,1653,1654,Mon Dec 05 13:32:28 2005,notice,jk2_init() Found child 5941 in scoreboard slot 7,E1,jk2_init() Found child <*> in scoreboard slot <*>
1654,1654,1655,Mon Dec 05 13:32:30 2005,notice,workerEnv.init() ok /etc/httpd/conf/workers2.properties,E2,workerEnv.init() ok <*>
1655,1655,1656,Mon Dec 05 13:32:30 2005,notice,workerEnv.init() ok /etc/httpd/conf/workers2.properties,E2,workerEnv.init() ok <*>
1656,1656,1657,Mon Dec 05 13:32:30 2005,error,mod_jk child workerEnv in error state 6,E3,mod_jk child workerEnv in error state <*>
1657,1657,1658,Mon Dec 05 13:32:30 2005,error,mod_jk child workerEnv in error state 6,E3,mod_jk child workerEnv in error state <*>
1658,1658,1659,Mon Dec 05 13:36:27 2005,notice,jk2_init() Found child 5954 in scoreboard slot 7,E1,jk2_init() Found child <*> in scoreboard slot <*>
1659,1659,1660,Mon Dec 05 13:36:27 2005,notice,jk2_init() Found child 5953 in scoreboard slot 6,E1,jk2_init() Found child <*> in scoreboard slot <*>
1660,1660,1661,Mon Dec 05 13:36:58 2005,notice,jk2_init() Found child 5956 in scoreboard slot 9,E1,jk2_init() Found child <*> in scoreboard slot <*>
1661,1661,1662,Mon Dec 05 13:36:58 2005,notice,jk2_init() Found child 5957 in scoreboard slot 6,E1,jk2_init() Found child <*> in scoreboard slot <*>
1662,1662,1663,Mon Dec 05 13:36:58 2005,notice,jk2_init() Found child 5955 in scoreboard slot 8,E1,jk2_init() Found child <*> in scoreboard slot <*>
1663,1663,1664,Mon Dec 05 13:37:47 2005,notice,jk2_init() Found child 5961 in scoreboard slot 6,E1,jk2_init() Found child <*> in scoreboard slot <*>
1664,1664,1665,Mon Dec 05 13:37:47 2005,notice,jk2_init() Found child 5960 in scoreboard slot 9,E1,jk2_init() Found child <*> in scoreboard slot <*>
1665,1665,1666,Mon Dec 05 13:38:52 2005,notice,jk2_init() Found child 5968 in scoreboard slot 9,E1,jk2_init() Found child <*> in scoreboard slot <*>
1666,1666,1667,Mon Dec 05 13:38:53 2005,notice,jk2_init() Found child 5965 in scoreboard slot 6,E1,jk2_init() Found child <*> in scoreboard slot <*>
1667,1667,1668,Mon Dec 05 13:38:52 2005,notice,jk2_init() Found child 5967 in scoreboard slot 8,E1,jk2_init() Found child <*> in scoreboard slot <*>
1668,1668,1669,Mon Dec 05 13:38:53 2005,notice,jk2_init() Found child 5969 in scoreboard slot 10,E1,jk2_init() Found child <*> in scoreboard slot <*>
1669,1669,1670,Mon Dec 05 13:38:52 2005,notice,jk2_init() Found child 5966 in scoreboard slot 7,E1,jk2_init() Found child <*> in scoreboard slot <*>
1670,1670,1671,Mon Dec 05 13:39:09 2005,notice,workerEnv.init() ok /etc/httpd/conf/workers2.properties,E2,workerEnv.init() ok <*>
1671,1671,1672,Mon Dec 05 13:39:09 2005,notice,workerEnv.init() ok /etc/httpd/conf/workers2.properties,E2,workerEnv.init() ok <*>
1672,1672,1673,Mon Dec 05 13:39:14 2005,error,mod_jk child workerEnv in error state 6,E3,mod_jk child workerEnv in error state <*>
1673,1673,1674,Mon Dec 05 13:39:13 2005,error,mod_jk child workerEnv in error state 8,E3,mod_jk child workerEnv in error state <*>
1674,1674,1675,Mon Dec 05 13:39:36 2005,notice,jk2_init() Found child 5970 in scoreboard slot 6,E1,jk2_init() Found child <*> in scoreboard slot <*>
1675,1675,1676,Mon Dec 05 13:39:36 2005,notice,jk2_init() Found child 5971 in scoreboard slot 7,E1,jk2_init() Found child <*> in scoreboard slot <*>
1676,1676,1677,Mon Dec 05 13:39:41 2005,notice,jk2_init() Found child 5972 in scoreboard slot 8,E1,jk2_init() Found child <*> in scoreboard slot <*>
1677,1677,1678,Mon Dec 05 13:39:41 2005,notice,workerEnv.init() ok /etc/httpd/conf/workers2.properties,E2,workerEnv.init() ok <*>
1678,1678,1679,Mon Dec 05 13:39:41 2005,notice,workerEnv.init() ok /etc/httpd/conf/workers2.properties,E2,workerEnv.init() ok <*>
1679,1679,1680,Mon Dec 05 13:39:41 2005,notice,workerEnv.init() ok /etc/httpd/conf/workers2.properties,E2,workerEnv.init() ok <*>
1680,1680,1681,Mon Dec 05 13:39:41 2005,error,mod_jk child workerEnv in error state 8,E3,mod_jk child workerEnv in error state <*>
1681,1681,1682,Mon Dec 05 13:39:41 2005,error,mod_jk child workerEnv in error state 9,E3,mod_jk child workerEnv in error state <*>
1682,1682,1683,Mon Dec 05 13:39:41 2005,error,mod_jk child workerEnv in error state 8,E3,mod_jk child workerEnv in error state <*>
1683,1683,1684,Mon Dec 05 13:41:11 2005,notice,jk2_init() Found child 5981 in scoreboard slot 9,E1,jk2_init() Found child <*> in scoreboard slot <*>
1684,1684,1685,Mon Dec 05 13:41:12 2005,notice,jk2_init() Found child 5982 in scoreboard slot 6,E1,jk2_init() Found child <*> in scoreboard slot <*>
1685,1685,1686,Mon Dec 05 13:41:58 2005,notice,jk2_init() Found child 5984 in scoreboard slot 8,E1,jk2_init() Found child <*> in scoreboard slot <*>
1686,1686,1687,Mon Dec 05 13:41:58 2005,notice,jk2_init() Found child 5985 in scoreboard slot 9,E1,jk2_init() Found child <*> in scoreboard slot <*>
1687,1687,1688,Mon Dec 05 13:43:27 2005,notice,jk2_init() Found child 5992 in scoreboard slot 8,E1,jk2_init() Found child <*> in scoreboard slot <*>
1688,1688,1689,Mon Dec 05 13:43:27 2005,notice,jk2_init() Found child 5993 in scoreboard slot 9,E1,jk2_init() Found child <*> in scoreboard slot <*>
1689,1689,1690,Mon Dec 05 13:43:27 2005,notice,jk2_init() Found child 5990 in scoreboard slot 6,E1,jk2_init() Found child <*> in scoreboard slot <*>
1690,1690,1691,Mon Dec 05 13:43:27 2005,notice,jk2_init() Found child 5991 in scoreboard slot 7,E1,jk2_init() Found child <*> in scoreboard slot <*>
1691,1691,1692,Mon Dec 05 13:43:43 2005,notice,workerEnv.init() ok /etc/httpd/conf/workers2.properties,E2,workerEnv.init() ok <*>
1692,1692,1693,Mon Dec 05 13:43:44 2005,notice,workerEnv.init() ok /etc/httpd/conf/workers2.properties,E2,workerEnv.init() ok <*>
1693,1693,1694,Mon Dec 05 13:43:43 2005,notice,workerEnv.init() ok /etc/httpd/conf/workers2.properties,E2,workerEnv.init() ok <*>
1694,1694,1695,Mon Dec 05 13:43:46 2005,error,mod_jk child workerEnv in error state 6,E3,mod_jk child workerEnv in error state <*>
1695,1695,1696,Mon Dec 05 13:43:46 2005,error,mod_jk child workerEnv in error state 8,E3,mod_jk child workerEnv in error state <*>
1696,1696,1697,Mon Dec 05 13:43:46 2005,error,mod_jk child workerEnv in error state 7,E3,mod_jk child workerEnv in error state <*>
1697,1697,1698,Mon Dec 05 13:44:18 2005,notice,jk2_init() Found child 5995 in scoreboard slot 7,E1,jk2_init() Found child <*> in scoreboard slot <*>
1698,1698,1699,Mon Dec 05 13:44:18 2005,notice,jk2_init() Found child 5996 in scoreboard slot 8,E1,jk2_init() Found child <*> in scoreboard slot <*>
1699,1699,1700,Mon Dec 05 13:44:32 2005,notice,workerEnv.init() ok /etc/httpd/conf/workers2.properties,E2,workerEnv.init() ok <*>
1700,1700,1701,Mon Dec 05 13:44:35 2005,notice,workerEnv.init() ok /etc/httpd/conf/workers2.properties,E2,workerEnv.init() ok <*>
1701,1701,1702,Mon Dec 05 13:44:38 2005,error,mod_jk child workerEnv in error state 6,E3,mod_jk child workerEnv in error state <*>
1702,1702,1703,Mon Dec 05 13:44:38 2005,error,mod_jk child workerEnv in error state 6,E3,mod_jk child workerEnv in error state <*>
1703,1703,1704,Mon Dec 05 13:44:53 2005,notice,jk2_init() Found child 5997 in scoreboard slot 9,E1,jk2_init() Found child <*> in scoreboard slot <*>
1704,1704,1705,Mon Dec 05 13:45:01 2005,notice,jk2_init() Found child 5998 in scoreboard slot 6,E1,jk2_init() Found child <*> in scoreboard slot <*>
1705,1705,1706,Mon Dec 05 13:45:01 2005,notice,jk2_init() Found child 5999 in scoreboard slot 7,E1,jk2_init() Found child <*> in scoreboard slot <*>
1706,1706,1707,Mon Dec 05 13:45:08 2005,notice,workerEnv.init() ok /etc/httpd/conf/workers2.properties,E2,workerEnv.init() ok <*>
1707,1707,1708,Mon Dec 05 13:45:08 2005,notice,workerEnv.init() ok /etc/httpd/conf/workers2.properties,E2,workerEnv.init() ok <*>
1708,1708,1709,Mon Dec 05 13:45:08 2005,notice,workerEnv.init() ok /etc/httpd/conf/workers2.properties,E2,workerEnv.init() ok <*>
1709,1709,1710,Mon Dec 05 13:45:08 2005,error,mod_jk child workerEnv in error state 6,E3,mod_jk child workerEnv in error state <*>
1710,1710,1711,Mon Dec 05 13:45:08 2005,error,mod_jk child workerEnv in error state 8,E3,mod_jk child workerEnv in error state <*>
1711,1711,1712,Mon Dec 05 13:45:08 2005,error,mod_jk child workerEnv in error state 6,E3,mod_jk child workerEnv in error state <*>
1712,1712,1713,Mon Dec 05 13:46:20 2005,notice,jk2_init() Found child 6007 in scoreboard slot 7,E1,jk2_init() Found child <*> in scoreboard slot <*>
1713,1713,1714,Mon Dec 05 13:46:20 2005,notice,jk2_init() Found child 6006 in scoreboard slot 6,E1,jk2_init() Found child <*> in scoreboard slot <*>
1714,1714,1715,Mon Dec 05 13:46:20 2005,notice,jk2_init() Found child 6005 in scoreboard slot 9,E1,jk2_init() Found child <*> in scoreboard slot <*>
1715,1715,1716,Mon Dec 05 13:46:50 2005,notice,workerEnv.init() ok /etc/httpd/conf/workers2.properties,E2,workerEnv.init() ok <*>
1716,1716,1717,Mon Dec 05 13:47:06 2005,notice,jk2_init() Found child 6008 in scoreboard slot 8,E1,jk2_init() Found child <*> in scoreboard slot <*>
1717,1717,1718,Mon Dec 05 13:47:06 2005,notice,jk2_init() Found child 6009 in scoreboard slot 9,E1,jk2_init() Found child <*> in scoreboard slot <*>
1718,1718,1719,Mon Dec 05 13:47:09 2005,notice,jk2_init() Found child 6011 in scoreboard slot 7,E1,jk2_init() Found child <*> in scoreboard slot <*>
1719,1719,1720,Mon Dec 05 13:47:09 2005,notice,jk2_init() Found child 6010 in scoreboard slot 6,E1,jk2_init() Found child <*> in scoreboard slot <*>
1720,1720,1721,Mon Dec 05 13:47:11 2005,notice,workerEnv.init() ok /etc/httpd/conf/workers2.properties,E2,workerEnv.init() ok <*>
1721,1721,1722,Mon Dec 05 13:47:11 2005,notice,workerEnv.init() ok /etc/httpd/conf/workers2.properties,E2,workerEnv.init() ok <*>
1722,1722,1723,Mon Dec 05 13:47:11 2005,notice,workerEnv.init() ok /etc/httpd/conf/workers2.properties,E2,workerEnv.init() ok <*>
1723,1723,1724,Mon Dec 05 13:47:11 2005,notice,workerEnv.init() ok /etc/httpd/conf/workers2.properties,E2,workerEnv.init() ok <*>
1724,1724,1725,Mon Dec 05 13:47:11 2005,error,mod_jk child workerEnv in error state 7,E3,mod_jk child workerEnv in error state <*>
1725,1725,1726,Mon Dec 05 13:47:11 2005,error,mod_jk child workerEnv in error state 6,E3,mod_jk child workerEnv in error state <*>
1726,1726,1727,Mon Dec 05 13:47:11 2005,error,mod_jk child workerEnv in error state 7,E3,mod_jk child workerEnv in error state <*>
1727,1727,1728,Mon Dec 05 13:47:11 2005,error,mod_jk child workerEnv in error state 7,E3,mod_jk child workerEnv in error state <*>
1728,1728,1729,Mon Dec 05 13:51:17 2005,notice,jk2_init() Found child 6028 in scoreboard slot 9,E1,jk2_init() Found child <*> in scoreboard slot <*>
1729,1729,1730,Mon Dec 05 13:52:19 2005,notice,jk2_init() Found child 6036 in scoreboard slot 9,E1,jk2_init() Found child <*> in scoreboard slot <*>
1730,1730,1731,Mon Dec 05 13:52:19 2005,notice,jk2_init() Found child 6033 in scoreboard slot 6,E1,jk2_init() Found child <*> in scoreboard slot <*>
1731,1731,1732,Mon Dec 05 13:52:19 2005,notice,jk2_init() Found child 6035 in scoreboard slot 8,E1,jk2_init() Found child <*> in scoreboard slot <*>
1732,1732,1733,Mon Dec 05 13:52:19 2005,notice,jk2_init() Found child 6034 in scoreboard slot 7,E1,jk2_init() Found child <*> in scoreboard slot <*>
1733,1733,1734,Mon Dec 05 13:52:33 2005,notice,workerEnv.init() ok /etc/httpd/conf/workers2.properties,E2,workerEnv.init() ok <*>
1734,1734,1735,Mon Dec 05 13:52:33 2005,notice,workerEnv.init() ok /etc/httpd/conf/workers2.properties,E2,workerEnv.init() ok <*>
1735,1735,1736,Mon Dec 05 13:52:36 2005,error,mod_jk child workerEnv in error state 6,E3,mod_jk child workerEnv in error state <*>
1736,1736,1737,Mon Dec 05 13:52:36 2005,error,mod_jk child workerEnv in error state 6,E3,mod_jk child workerEnv in error state <*>
1737,1737,1738,Mon Dec 05 13:53:00 2005,notice,jk2_init() Found child 6038 in scoreboard slot 7,E1,jk2_init() Found child <*> in scoreboard slot <*>
1738,1738,1739,Mon Dec 05 13:53:00 2005,notice,jk2_init() Found child 6037 in scoreboard slot 6,E1,jk2_init() Found child <*> in scoreboard slot <*>
1739,1739,1740,Mon Dec 05 13:53:00 2005,notice,jk2_init() Found child 6039 in scoreboard slot 10,E1,jk2_init() Found child <*> in scoreboard slot <*>
1740,1740,1741,Mon Dec 05 13:53:31 2005,notice,jk2_init() Found child 6043 in scoreboard slot 9,E1,jk2_init() Found child <*> in scoreboard slot <*>
1741,1741,1742,Mon Dec 05 13:53:31 2005,notice,jk2_init() Found child 6042 in scoreboard slot 7,E1,jk2_init() Found child <*> in scoreboard slot <*>
1742,1742,1743,Mon Dec 05 13:53:31 2005,notice,jk2_init() Found child 6041 in scoreboard slot 6,E1,jk2_init() Found child <*> in scoreboard slot <*>
1743,1743,1744,Mon Dec 05 13:53:34 2005,notice,jk2_init() Found child 6044 in scoreboard slot 8,E1,jk2_init() Found child <*> in scoreboard slot <*>
1744,1744,1745,Mon Dec 05 13:53:35 2005,notice,workerEnv.init() ok /etc/httpd/conf/workers2.properties,E2,workerEnv.init() ok <*>
1745,1745,1746,Mon Dec 05 13:53:35 2005,notice,workerEnv.init() ok /etc/httpd/conf/workers2.properties,E2,workerEnv.init() ok <*>
1746,1746,1747,Mon Dec 05 13:53:35 2005,notice,workerEnv.init() ok /etc/httpd/conf/workers2.properties,E2,workerEnv.init() ok <*>
1747,1747,1748,Mon Dec 05 13:53:35 2005,notice,workerEnv.init() ok /etc/httpd/conf/workers2.properties,E2,workerEnv.init() ok <*>
1748,1748,1749,Mon Dec 05 13:53:35 2005,error,mod_jk child workerEnv in error state 6,E3,mod_jk child workerEnv in error state <*>
1749,1749,1750,Mon Dec 05 13:53:35 2005,error,mod_jk child workerEnv in error state 8,E3,mod_jk child workerEnv in error state <*>
1750,1750,1751,Mon Dec 05 13:53:35 2005,error,mod_jk child workerEnv in error state 6,E3,mod_jk child workerEnv in error state <*>
1751,1751,1752,Mon Dec 05 13:53:35 2005,error,mod_jk child workerEnv in error state 8,E3,mod_jk child workerEnv in error state <*>
1752,1752,1753,Mon Dec 05 13:56:21 2005,notice,jk2_init() Found child 6052 in scoreboard slot 6,E1,jk2_init() Found child <*> in scoreboard slot <*>
1753,1753,1754,Mon Dec 05 13:56:38 2005,notice,jk2_init() Found child 6053 in scoreboard slot 7,E1,jk2_init() Found child <*> in scoreboard slot <*>
1754,1754,1755,Mon Dec 05 13:57:07 2005,notice,jk2_init() Found child 6054 in scoreboard slot 9,E1,jk2_init() Found child <*> in scoreboard slot <*>
1755,1755,1756,Mon Dec 05 13:57:07 2005,notice,jk2_init() Found child 6055 in scoreboard slot 8,E1,jk2_init() Found child <*> in scoreboard slot <*>
1756,1756,1757,Mon Dec 05 13:58:31 2005,notice,jk2_init() Found child 6063 in scoreboard slot 8,E1,jk2_init() Found child <*> in scoreboard slot <*>
1757,1757,1758,Mon Dec 05 13:58:31 2005,notice,jk2_init() Found child 6062 in scoreboard slot 9,E1,jk2_init() Found child <*> in scoreboard slot <*>
1758,1758,1759,Mon Dec 05 13:59:43 2005,notice,jk2_init() Found child 6069 in scoreboard slot 7,E1,jk2_init() Found child <*> in scoreboard slot <*>
1759,1759,1760,Mon Dec 05 13:59:43 2005,notice,jk2_init() Found child 6070 in scoreboard slot 9,E1,jk2_init() Found child <*> in scoreboard slot <*>
1760,1760,1761,Mon Dec 05 13:59:43 2005,notice,jk2_init() Found child 6071 in scoreboard slot 8,E1,jk2_init() Found child <*> in scoreboard slot <*>
1761,1761,1762,Mon Dec 05 14:01:47 2005,notice,jk2_init() Found child 6100 in scoreboard slot 7,E1,jk2_init() Found child <*> in scoreboard slot <*>
1762,1762,1763,Mon Dec 05 14:01:47 2005,notice,jk2_init() Found child 6101 in scoreboard slot 8,E1,jk2_init() Found child <*> in scoreboard slot <*>
1763,1763,1764,Mon Dec 05 14:01:47 2005,notice,jk2_init() Found child 6099 in scoreboard slot 6,E1,jk2_init() Found child <*> in scoreboard slot <*>
1764,1764,1765,Mon Dec 05 14:01:48 2005,notice,workerEnv.init() ok /etc/httpd/conf/workers2.properties,E2,workerEnv.init() ok <*>
1765,1765,1766,Mon Dec 05 14:01:48 2005,error,mod_jk child workerEnv in error state 7,E3,mod_jk child workerEnv in error state <*>
1766,1766,1767,Mon Dec 05 14:01:48 2005,notice,workerEnv.init() ok /etc/httpd/conf/workers2.properties,E2,workerEnv.init() ok <*>
1767,1767,1768,Mon Dec 05 14:01:48 2005,error,mod_jk child workerEnv in error state 9,E3,mod_jk child workerEnv in error state <*>
1768,1768,1769,Mon Dec 05 14:01:48 2005,notice,workerEnv.init() ok /etc/httpd/conf/workers2.properties,E2,workerEnv.init() ok <*>
1769,1769,1770,Mon Dec 05 14:01:48 2005,error,mod_jk child workerEnv in error state 8,E3,mod_jk child workerEnv in error state <*>
1770,1770,1771,Mon Dec 05 14:11:40 2005,notice,jk2_init() Found child 6115 in scoreboard slot 10,E1,jk2_init() Found child <*> in scoreboard slot <*>
1771,1771,1772,Mon Dec 05 14:11:43 2005,error,[client 141.154.18.244] Directory index forbidden by rule: /var/www/html/,E4,[client <*>] Directory index forbidden by rule: <*>
1772,1772,1773,Mon Dec 05 14:11:45 2005,notice,workerEnv.init() ok /etc/httpd/conf/workers2.properties,E2,workerEnv.init() ok <*>
1773,1773,1774,Mon Dec 05 14:11:45 2005,error,mod_jk child workerEnv in error state 7,E3,mod_jk child workerEnv in error state <*>
1774,1774,1775,Mon Dec 05 15:31:06 2005,notice,jk2_init() Found child 6259 in scoreboard slot 6,E1,jk2_init() Found child <*> in scoreboard slot <*>
1775,1775,1776,Mon Dec 05 15:31:06 2005,notice,jk2_init() Found child 6260 in scoreboard slot 7,E1,jk2_init() Found child <*> in scoreboard slot <*>
1776,1776,1777,Mon Dec 05 15:31:09 2005,notice,jk2_init() Found child 6261 in scoreboard slot 8,E1,jk2_init() Found child <*> in scoreboard slot <*>
1777,1777,1778,Mon Dec 05 15:31:10 2005,notice,workerEnv.init() ok /etc/httpd/conf/workers2.properties,E2,workerEnv.init() ok <*>
1778,1778,1779,Mon Dec 05 15:31:10 2005,error,mod_jk child workerEnv in error state 6,E3,mod_jk child workerEnv in error state <*>
1779,1779,1780,Mon Dec 05 15:31:10 2005,notice,workerEnv.init() ok /etc/httpd/conf/workers2.properties,E2,workerEnv.init() ok <*>
1780,1780,1781,Mon Dec 05 15:31:10 2005,error,mod_jk child workerEnv in error state 6,E3,mod_jk child workerEnv in error state <*>
1781,1781,1782,Mon Dec 05 15:31:10 2005,notice,workerEnv.init() ok /etc/httpd/conf/workers2.properties,E2,workerEnv.init() ok <*>
1782,1782,1783,Mon Dec 05 15:31:10 2005,error,mod_jk child workerEnv in error state 6,E3,mod_jk child workerEnv in error state <*>
1783,1783,1784,Mon Dec 05 15:40:59 2005,notice,jk2_init() Found child 6277 in scoreboard slot 7,E1,jk2_init() Found child <*> in scoreboard slot <*>
1784,1784,1785,Mon Dec 05 15:40:59 2005,notice,jk2_init() Found child 6276 in scoreboard slot 6,E1,jk2_init() Found child <*> in scoreboard slot <*>
1785,1785,1786,Mon Dec 05 15:41:32 2005,notice,jk2_init() Found child 6280 in scoreboard slot 7,E1,jk2_init() Found child <*> in scoreboard slot <*>
1786,1786,1787,Mon Dec 05 15:41:32 2005,notice,jk2_init() Found child 6278 in scoreboard slot 8,E1,jk2_init() Found child <*> in scoreboard slot <*>
1787,1787,1788,Mon Dec 05 15:41:32 2005,notice,jk2_init() Found child 6279 in scoreboard slot 6,E1,jk2_init() Found child <*> in scoreboard slot <*>
1788,1788,1789,Mon Dec 05 15:41:32 2005,notice,workerEnv.init() ok /etc/httpd/conf/workers2.properties,E2,workerEnv.init() ok <*>
1789,1789,1790,Mon Dec 05 15:41:32 2005,error,mod_jk child workerEnv in error state 7,E3,mod_jk child workerEnv in error state <*>
1790,1790,1791,Mon Dec 05 15:41:32 2005,notice,workerEnv.init() ok /etc/httpd/conf/workers2.properties,E2,workerEnv.init() ok <*>
1791,1791,1792,Mon Dec 05 15:41:32 2005,error,mod_jk child workerEnv in error state 6,E3,mod_jk child workerEnv in error state <*>
1792,1792,1793,Mon Dec 05 15:41:32 2005,notice,workerEnv.init() ok /etc/httpd/conf/workers2.properties,E2,workerEnv.init() ok <*>
1793,1793,1794,Mon Dec 05 15:41:32 2005,error,mod_jk child workerEnv in error state 7,E3,mod_jk child workerEnv in error state <*>
1794,1794,1795,Mon Dec 05 15:45:42 2005,notice,jk2_init() Found child 6285 in scoreboard slot 8,E1,jk2_init() Found child <*> in scoreboard slot <*>
1795,1795,1796,Mon Dec 05 15:45:44 2005,notice,workerEnv.init() ok /etc/httpd/conf/workers2.properties,E2,workerEnv.init() ok <*>
1796,1796,1797,Mon Dec 05 15:45:44 2005,error,mod_jk child workerEnv in error state 6,E3,mod_jk child workerEnv in error state <*>
1797,1797,1798,Mon Dec 05 15:50:53 2005,notice,jk2_init() Found child 6293 in scoreboard slot 6,E1,jk2_init() Found child <*> in scoreboard slot <*>
1798,1798,1799,Mon Dec 05 15:50:53 2005,notice,jk2_init() Found child 6294 in scoreboard slot 7,E1,jk2_init() Found child <*> in scoreboard slot <*>
1799,1799,1800,Mon Dec 05 15:51:18 2005,notice,jk2_init() Found child 6297 in scoreboard slot 7,E1,jk2_init() Found child <*> in scoreboard slot <*>
1800,1800,1801,Mon Dec 05 15:51:18 2005,notice,jk2_init() Found child 6295 in scoreboard slot 8,E1,jk2_init() Found child <*> in scoreboard slot <*>
1801,1801,1802,Mon Dec 05 15:51:18 2005,notice,jk2_init() Found child 6296 in scoreboard slot 6,E1,jk2_init() Found child <*> in scoreboard slot <*>
1802,1802,1803,Mon Dec 05 15:51:20 2005,notice,workerEnv.init() ok /etc/httpd/conf/workers2.properties,E2,workerEnv.init() ok <*>
1803,1803,1804,Mon Dec 05 15:51:20 2005,error,mod_jk child workerEnv in error state 7,E3,mod_jk child workerEnv in error state <*>
1804,1804,1805,Mon Dec 05 15:51:20 2005,notice,workerEnv.init() ok /etc/httpd/conf/workers2.properties,E2,workerEnv.init() ok <*>
1805,1805,1806,Mon Dec 05 15:51:20 2005,error,mod_jk child workerEnv in error state 7,E3,mod_jk child workerEnv in error state <*>
1806,1806,1807,Mon Dec 05 15:51:20 2005,notice,workerEnv.init() ok /etc/httpd/conf/workers2.properties,E2,workerEnv.init() ok <*>
1807,1807,1808,Mon Dec 05 15:51:20 2005,error,mod_jk child workerEnv in error state 6,E3,mod_jk child workerEnv in error state <*>
1808,1808,1809,Mon Dec 05 15:55:31 2005,notice,jk2_init() Found child 6302 in scoreboard slot 8,E1,jk2_init() Found child <*> in scoreboard slot <*>
1809,1809,1810,Mon Dec 05 15:55:32 2005,notice,workerEnv.init() ok /etc/httpd/conf/workers2.properties,E2,workerEnv.init() ok <*>
1810,1810,1811,Mon Dec 05 15:55:32 2005,error,mod_jk child workerEnv in error state 6,E3,mod_jk child workerEnv in error state <*>
1811,1811,1812,Mon Dec 05 16:01:17 2005,notice,jk2_init() Found child 6310 in scoreboard slot 6,E1,jk2_init() Found child <*> in scoreboard slot <*>
1812,1812,1813,Mon Dec 05 16:02:00 2005,notice,jk2_init() Found child 6315 in scoreboard slot 6,E1,jk2_init() Found child <*> in scoreboard slot <*>
1813,1813,1814,Mon Dec 05 16:02:00 2005,notice,jk2_init() Found child 6316 in scoreboard slot 7,E1,jk2_init() Found child <*> in scoreboard slot <*>
1814,1814,1815,Mon Dec 05 16:02:00 2005,notice,jk2_init() Found child 6314 in scoreboard slot 8,E1,jk2_init() Found child <*> in scoreboard slot <*>
1815,1815,1816,Mon Dec 05 16:02:02 2005,notice,workerEnv.init() ok /etc/httpd/conf/workers2.properties,E2,workerEnv.init() ok <*>
1816,1816,1817,Mon Dec 05 16:02:02 2005,notice,workerEnv.init() ok /etc/httpd/conf/workers2.properties,E2,workerEnv.init() ok <*>
1817,1817,1818,Mon Dec 05 16:02:02 2005,notice,workerEnv.init() ok /etc/httpd/conf/workers2.properties,E2,workerEnv.init() ok <*>
1818,1818,1819,Mon Dec 05 16:02:02 2005,error,mod_jk child workerEnv in error state 6,E3,mod_jk child workerEnv in error state <*>
1819,1819,1820,Mon Dec 05 16:02:02 2005,error,mod_jk child workerEnv in error state 7,E3,mod_jk child workerEnv in error state <*>
1820,1820,1821,Mon Dec 05 16:02:02 2005,error,mod_jk child workerEnv in error state 6,E3,mod_jk child workerEnv in error state <*>
1821,1821,1822,Mon Dec 05 16:06:07 2005,notice,jk2_init() Found child 6333 in scoreboard slot 8,E1,jk2_init() Found child <*> in scoreboard slot <*>
1822,1822,1823,Mon Dec 05 16:06:21 2005,notice,jk2_init() Found child 6335 in scoreboard slot 7,E1,jk2_init() Found child <*> in scoreboard slot <*>
1823,1823,1824,Mon Dec 05 16:07:08 2005,notice,jk2_init() Found child 6339 in scoreboard slot 8,E1,jk2_init() Found child <*> in scoreboard slot <*>
1824,1824,1825,Mon Dec 05 16:07:08 2005,notice,jk2_init() Found child 6340 in scoreboard slot 6,E1,jk2_init() Found child <*> in scoreboard slot <*>
1825,1825,1826,Mon Dec 05 16:07:08 2005,notice,jk2_init() Found child 6338 in scoreboard slot 7,E1,jk2_init() Found child <*> in scoreboard slot <*>
1826,1826,1827,Mon Dec 05 16:07:09 2005,notice,workerEnv.init() ok /etc/httpd/conf/workers2.properties,E2,workerEnv.init() ok <*>
1827,1827,1828,Mon Dec 05 16:07:09 2005,error,mod_jk child workerEnv in error state 7,E3,mod_jk child workerEnv in error state <*>
1828,1828,1829,Mon Dec 05 16:07:09 2005,notice,workerEnv.init() ok /etc/httpd/conf/workers2.properties,E2,workerEnv.init() ok <*>
1829,1829,1830,Mon Dec 05 16:07:09 2005,error,mod_jk child workerEnv in error state 6,E3,mod_jk child workerEnv in error state <*>
1830,1830,1831,Mon Dec 05 16:07:09 2005,notice,workerEnv.init() ok /etc/httpd/conf/workers2.properties,E2,workerEnv.init() ok <*>
1831,1831,1832,Mon Dec 05 16:07:09 2005,error,mod_jk child workerEnv in error state 7,E3,mod_jk child workerEnv in error state <*>
1832,1832,1833,Mon Dec 05 16:10:43 2005,notice,jk2_init() Found child 6351 in scoreboard slot 8,E1,jk2_init() Found child <*> in scoreboard slot <*>
1833,1833,1834,Mon Dec 05 16:10:43 2005,notice,jk2_init() Found child 6350 in scoreboard slot 7,E1,jk2_init() Found child <*> in scoreboard slot <*>
1834,1834,1835,Mon Dec 05 16:10:44 2005,notice,workerEnv.init() ok /etc/httpd/conf/workers2.properties,E2,workerEnv.init() ok <*>
1835,1835,1836,Mon Dec 05 16:10:44 2005,error,mod_jk child workerEnv in error state 6,E3,mod_jk child workerEnv in error state <*>
1836,1836,1837,Mon Dec 05 16:10:44 2005,notice,workerEnv.init() ok /etc/httpd/conf/workers2.properties,E2,workerEnv.init() ok <*>
1837,1837,1838,Mon Dec 05 16:10:44 2005,error,mod_jk child workerEnv in error state 6,E3,mod_jk child workerEnv in error state <*>
1838,1838,1839,Mon Dec 05 16:16:34 2005,notice,jk2_init() Found child 6368 in scoreboard slot 8,E1,jk2_init() Found child <*> in scoreboard slot <*>
1839,1839,1840,Mon Dec 05 16:16:34 2005,notice,jk2_init() Found child 6367 in scoreboard slot 7,E1,jk2_init() Found child <*> in scoreboard slot <*>
1840,1840,1841,Mon Dec 05 16:16:34 2005,notice,jk2_init() Found child 6366 in scoreboard slot 6,E1,jk2_init() Found child <*> in scoreboard slot <*>
1841,1841,1842,Mon Dec 05 16:16:36 2005,notice,workerEnv.init() ok /etc/httpd/conf/workers2.properties,E2,workerEnv.init() ok <*>
1842,1842,1843,Mon Dec 05 16:16:36 2005,error,mod_jk child workerEnv in error state 6,E3,mod_jk child workerEnv in error state <*>
1843,1843,1844,Mon Dec 05 16:16:36 2005,notice,workerEnv.init() ok /etc/httpd/conf/workers2.properties,E2,workerEnv.init() ok <*>
1844,1844,1845,Mon Dec 05 16:16:36 2005,error,mod_jk child workerEnv in error state 6,E3,mod_jk child workerEnv in error state <*>
1845,1845,1846,Mon Dec 05 16:16:36 2005,notice,workerEnv.init() ok /etc/httpd/conf/workers2.properties,E2,workerEnv.init() ok <*>
1846,1846,1847,Mon Dec 05 16:16:36 2005,error,mod_jk child workerEnv in error state 6,E3,mod_jk child workerEnv in error state <*>
1847,1847,1848,Mon Dec 05 16:21:25 2005,notice,jk2_init() Found child 6387 in scoreboard slot 7,E1,jk2_init() Found child <*> in scoreboard slot <*>
1848,1848,1849,Mon Dec 05 16:21:25 2005,notice,jk2_init() Found child 6386 in scoreboard slot 6,E1,jk2_init() Found child <*> in scoreboard slot <*>
1849,1849,1850,Mon Dec 05 16:21:25 2005,notice,jk2_init() Found child 6385 in scoreboard slot 8,E1,jk2_init() Found child <*> in scoreboard slot <*>
1850,1850,1851,Mon Dec 05 16:21:29 2005,notice,workerEnv.init() ok /etc/httpd/conf/workers2.properties,E2,workerEnv.init() ok <*>
1851,1851,1852,Mon Dec 05 16:21:29 2005,error,mod_jk child workerEnv in error state 6,E3,mod_jk child workerEnv in error state <*>
1852,1852,1853,Mon Dec 05 16:21:29 2005,notice,workerEnv.init() ok /etc/httpd/conf/workers2.properties,E2,workerEnv.init() ok <*>
1853,1853,1854,Mon Dec 05 16:21:29 2005,error,mod_jk child workerEnv in error state 6,E3,mod_jk child workerEnv in error state <*>
1854,1854,1855,Mon Dec 05 16:21:29 2005,notice,workerEnv.init() ok /etc/httpd/conf/workers2.properties,E2,workerEnv.init() ok <*>
1855,1855,1856,Mon Dec 05 16:21:29 2005,error,mod_jk child workerEnv in error state 6,E3,mod_jk child workerEnv in error state <*>
1856,1856,1857,Mon Dec 05 16:26:00 2005,notice,jk2_init() Found child 6400 in scoreboard slot 7,E1,jk2_init() Found child <*> in scoreboard slot <*>
1857,1857,1858,Mon Dec 05 16:26:00 2005,notice,jk2_init() Found child 6399 in scoreboard slot 6,E1,jk2_init() Found child <*> in scoreboard slot <*>
1858,1858,1859,Mon Dec 05 16:26:00 2005,notice,jk2_init() Found child 6398 in scoreboard slot 8,E1,jk2_init() Found child <*> in scoreboard slot <*>
1859,1859,1860,Mon Dec 05 16:26:05 2005,notice,workerEnv.init() ok /etc/httpd/conf/workers2.properties,E2,workerEnv.init() ok <*>
1860,1860,1861,Mon Dec 05 16:26:05 2005,error,mod_jk child workerEnv in error state 6,E3,mod_jk child workerEnv in error state <*>
1861,1861,1862,Mon Dec 05 16:26:05 2005,notice,workerEnv.init() ok /etc/httpd/conf/workers2.properties,E2,workerEnv.init() ok <*>
1862,1862,1863,Mon Dec 05 16:26:05 2005,error,mod_jk child workerEnv in error state 6,E3,mod_jk child workerEnv in error state <*>
1863,1863,1864,Mon Dec 05 16:26:05 2005,notice,workerEnv.init() ok /etc/httpd/conf/workers2.properties,E2,workerEnv.init() ok <*>
1864,1864,1865,Mon Dec 05 16:26:05 2005,error,mod_jk child workerEnv in error state 6,E3,mod_jk child workerEnv in error state <*>
1865,1865,1866,Mon Dec 05 16:31:48 2005,notice,jk2_init() Found child 6420 in scoreboard slot 6,E1,jk2_init() Found child <*> in scoreboard slot <*>
1866,1866,1867,Mon Dec 05 16:31:49 2005,notice,jk2_init() Found child 6421 in scoreboard slot 7,E1,jk2_init() Found child <*> in scoreboard slot <*>
1867,1867,1868,Mon Dec 05 16:31:49 2005,notice,jk2_init() Found child 6422 in scoreboard slot 8,E1,jk2_init() Found child <*> in scoreboard slot <*>
1868,1868,1869,Mon Dec 05 16:31:52 2005,notice,workerEnv.init() ok /etc/httpd/conf/workers2.properties,E2,workerEnv.init() ok <*>
1869,1869,1870,Mon Dec 05 16:31:52 2005,notice,workerEnv.init() ok /etc/httpd/conf/workers2.properties,E2,workerEnv.init() ok <*>
1870,1870,1871,Mon Dec 05 16:31:52 2005,notice,workerEnv.init() ok /etc/httpd/conf/workers2.properties,E2,workerEnv.init() ok <*>
1871,1871,1872,Mon Dec 05 16:31:52 2005,error,mod_jk child workerEnv in error state 6,E3,mod_jk child workerEnv in error state <*>
1872,1872,1873,Mon Dec 05 16:31:52 2005,error,mod_jk child workerEnv in error state 6,E3,mod_jk child workerEnv in error state <*>
1873,1873,1874,Mon Dec 05 16:31:52 2005,error,mod_jk child workerEnv in error state 6,E3,mod_jk child workerEnv in error state <*>
1874,1874,1875,Mon Dec 05 16:36:06 2005,notice,jk2_init() Found child 6434 in scoreboard slot 7,E1,jk2_init() Found child <*> in scoreboard slot <*>
1875,1875,1876,Mon Dec 05 16:36:06 2005,notice,jk2_init() Found child 6433 in scoreboard slot 6,E1,jk2_init() Found child <*> in scoreboard slot <*>
1876,1876,1877,Mon Dec 05 16:36:42 2005,notice,jk2_init() Found child 6435 in scoreboard slot 8,E1,jk2_init() Found child <*> in scoreboard slot <*>
1877,1877,1878,Mon Dec 05 16:37:03 2005,notice,jk2_init() Found child 6437 in scoreboard slot 7,E1,jk2_init() Found child <*> in scoreboard slot <*>
1878,1878,1879,Mon Dec 05 16:38:17 2005,notice,jk2_init() Found child 6443 in scoreboard slot 7,E1,jk2_init() Found child <*> in scoreboard slot <*>
1879,1879,1880,Mon Dec 05 16:38:17 2005,notice,jk2_init() Found child 6442 in scoreboard slot 6,E1,jk2_init() Found child <*> in scoreboard slot <*>
1880,1880,1881,Mon Dec 05 16:39:59 2005,notice,jk2_init() Found child 6453 in scoreboard slot 10,E1,jk2_init() Found child <*> in scoreboard slot <*>
1881,1881,1882,Mon Dec 05 16:39:59 2005,notice,jk2_init() Found child 6451 in scoreboard slot 7,E1,jk2_init() Found child <*> in scoreboard slot <*>
1882,1882,1883,Mon Dec 05 16:39:59 2005,notice,jk2_init() Found child 6452 in scoreboard slot 8,E1,jk2_init() Found child <*> in scoreboard slot <*>
1883,1883,1884,Mon Dec 05 16:40:06 2005,notice,workerEnv.init() ok /etc/httpd/conf/workers2.properties,E2,workerEnv.init() ok <*>
1884,1884,1885,Mon Dec 05 16:40:06 2005,notice,workerEnv.init() ok /etc/httpd/conf/workers2.properties,E2,workerEnv.init() ok <*>
1885,1885,1886,Mon Dec 05 16:40:06 2005,notice,workerEnv.init() ok /etc/httpd/conf/workers2.properties,E2,workerEnv.init() ok <*>
1886,1886,1887,Mon Dec 05 16:40:06 2005,error,mod_jk child workerEnv in error state 9,E3,mod_jk child workerEnv in error state <*>
1887,1887,1888,Mon Dec 05 16:40:06 2005,error,mod_jk child workerEnv in error state 6,E3,mod_jk child workerEnv in error state <*>
1888,1888,1889,Mon Dec 05 16:40:06 2005,error,mod_jk child workerEnv in error state 6,E3,mod_jk child workerEnv in error state <*>
1889,1889,1890,Mon Dec 05 16:45:04 2005,error,[client 216.216.185.130] Directory index forbidden by rule: /var/www/html/,E4,[client <*>] Directory index forbidden by rule: <*>
1890,1890,1891,Mon Dec 05 17:31:37 2005,notice,jk2_init() Found child 6561 in scoreboard slot 10,E1,jk2_init() Found child <*> in scoreboard slot <*>
1891,1891,1892,Mon Dec 05 17:31:39 2005,error,[client 218.75.106.250] Directory index forbidden by rule: /var/www/html/,E4,[client <*>] Directory index forbidden by rule: <*>
1892,1892,1893,Mon Dec 05 17:31:41 2005,notice,workerEnv.init() ok /etc/httpd/conf/workers2.properties,E2,workerEnv.init() ok <*>
1893,1893,1894,Mon Dec 05 17:31:41 2005,error,mod_jk child workerEnv in error state 6,E3,mod_jk child workerEnv in error state <*>
1894,1894,1895,Mon Dec 05 17:35:57 2005,notice,jk2_init() Found child 6569 in scoreboard slot 8,E1,jk2_init() Found child <*> in scoreboard slot <*>
1895,1895,1896,Mon Dec 05 17:35:57 2005,notice,jk2_init() Found child 6568 in scoreboard slot 7,E1,jk2_init() Found child <*> in scoreboard slot <*>
1896,1896,1897,Mon Dec 05 17:35:58 2005,notice,workerEnv.init() ok /etc/httpd/conf/workers2.properties,E2,workerEnv.init() ok <*>
1897,1897,1898,Mon Dec 05 17:35:58 2005,error,mod_jk child workerEnv in error state 6,E3,mod_jk child workerEnv in error state <*>
1898,1898,1899,Mon Dec 05 17:35:58 2005,notice,workerEnv.init() ok /etc/httpd/conf/workers2.properties,E2,workerEnv.init() ok <*>
1899,1899,1900,Mon Dec 05 17:35:58 2005,error,mod_jk child workerEnv in error state 6,E3,mod_jk child workerEnv in error state <*>
1900,1900,1901,Mon Dec 05 17:40:38 2005,notice,jk2_init() Found child 6577 in scoreboard slot 7,E1,jk2_init() Found child <*> in scoreboard slot <*>
1901,1901,1902,Mon Dec 05 17:40:38 2005,notice,jk2_init() Found child 6578 in scoreboard slot 8,E1,jk2_init() Found child <*> in scoreboard slot <*>
1902,1902,1903,Mon Dec 05 17:40:39 2005,notice,workerEnv.init() ok /etc/httpd/conf/workers2.properties,E2,workerEnv.init() ok <*>
1903,1903,1904,Mon Dec 05 17:40:39 2005,error,mod_jk child workerEnv in error state 6,E3,mod_jk child workerEnv in error state <*>
1904,1904,1905,Mon Dec 05 17:40:39 2005,notice,workerEnv.init() ok /etc/httpd/conf/workers2.properties,E2,workerEnv.init() ok <*>
1905,1905,1906,Mon Dec 05 17:40:39 2005,error,mod_jk child workerEnv in error state 6,E3,mod_jk child workerEnv in error state <*>
1906,1906,1907,Mon Dec 05 17:46:02 2005,notice,jk2_init() Found child 6585 in scoreboard slot 7,E1,jk2_init() Found child <*> in scoreboard slot <*>
1907,1907,1908,Mon Dec 05 17:46:02 2005,notice,jk2_init() Found child 6586 in scoreboard slot 8,E1,jk2_init() Found child <*> in scoreboard slot <*>
1908,1908,1909,Mon Dec 05 17:46:06 2005,notice,workerEnv.init() ok /etc/httpd/conf/workers2.properties,E2,workerEnv.init() ok <*>
1909,1909,1910,Mon Dec 05 17:46:06 2005,notice,workerEnv.init() ok /etc/httpd/conf/workers2.properties,E2,workerEnv.init() ok <*>
1910,1910,1911,Mon Dec 05 17:46:06 2005,error,mod_jk child workerEnv in error state 6,E3,mod_jk child workerEnv in error state <*>
1911,1911,1912,Mon Dec 05 17:46:06 2005,error,mod_jk child workerEnv in error state 6,E3,mod_jk child workerEnv in error state <*>
1912,1912,1913,Mon Dec 05 17:50:40 2005,notice,jk2_init() Found child 6595 in scoreboard slot 8,E1,jk2_init() Found child <*> in scoreboard slot <*>
1913,1913,1914,Mon Dec 05 17:50:40 2005,notice,jk2_init() Found child 6594 in scoreboard slot 7,E1,jk2_init() Found child <*> in scoreboard slot <*>
1914,1914,1915,Mon Dec 05 17:50:41 2005,notice,workerEnv.init() ok /etc/httpd/conf/workers2.properties,E2,workerEnv.init() ok <*>
1915,1915,1916,Mon Dec 05 17:50:41 2005,error,mod_jk child workerEnv in error state 6,E3,mod_jk child workerEnv in error state <*>
1916,1916,1917,Mon Dec 05 17:50:41 2005,notice,workerEnv.init() ok /etc/httpd/conf/workers2.properties,E2,workerEnv.init() ok <*>
1917,1917,1918,Mon Dec 05 17:50:41 2005,error,mod_jk child workerEnv in error state 6,E3,mod_jk child workerEnv in error state <*>
1918,1918,1919,Mon Dec 05 17:55:35 2005,notice,jk2_init() Found child 6601 in scoreboard slot 8,E1,jk2_init() Found child <*> in scoreboard slot <*>
1919,1919,1920,Mon Dec 05 17:55:35 2005,notice,jk2_init() Found child 6600 in scoreboard slot 7,E1,jk2_init() Found child <*> in scoreboard slot <*>
1920,1920,1921,Mon Dec 05 17:55:35 2005,notice,workerEnv.init() ok /etc/httpd/conf/workers2.properties,E2,workerEnv.init() ok <*>
1921,1921,1922,Mon Dec 05 17:55:35 2005,notice,workerEnv.init() ok /etc/httpd/conf/workers2.properties,E2,workerEnv.init() ok <*>
1922,1922,1923,Mon Dec 05 17:55:35 2005,error,mod_jk child workerEnv in error state 6,E3,mod_jk child workerEnv in error state <*>
1923,1923,1924,Mon Dec 05 17:55:35 2005,error,mod_jk child workerEnv in error state 6,E3,mod_jk child workerEnv in error state <*>
1924,1924,1925,Mon Dec 05 18:00:24 2005,notice,jk2_init() Found child 6609 in scoreboard slot 7,E1,jk2_init() Found child <*> in scoreboard slot <*>
1925,1925,1926,Mon Dec 05 18:00:26 2005,notice,workerEnv.init() ok /etc/httpd/conf/workers2.properties,E2,workerEnv.init() ok <*>
1926,1926,1927,Mon Dec 05 18:00:26 2005,error,mod_jk child workerEnv in error state 6,E3,mod_jk child workerEnv in error state <*>
1927,1927,1928,Mon Dec 05 18:10:56 2005,notice,jk2_init() Found child 6639 in scoreboard slot 7,E1,jk2_init() Found child <*> in scoreboard slot <*>
1928,1928,1929,Mon Dec 05 18:10:56 2005,notice,jk2_init() Found child 6638 in scoreboard slot 8,E1,jk2_init() Found child <*> in scoreboard slot <*>
1929,1929,1930,Mon Dec 05 18:10:58 2005,notice,workerEnv.init() ok /etc/httpd/conf/workers2.properties,E2,workerEnv.init() ok <*>
1930,1930,1931,Mon Dec 05 18:10:58 2005,error,mod_jk child workerEnv in error state 6,E3,mod_jk child workerEnv in error state <*>
1931,1931,1932,Mon Dec 05 18:10:58 2005,notice,workerEnv.init() ok /etc/httpd/conf/workers2.properties,E2,workerEnv.init() ok <*>
1932,1932,1933,Mon Dec 05 18:10:58 2005,error,mod_jk child workerEnv in error state 6,E3,mod_jk child workerEnv in error state <*>
1933,1933,1934,Mon Dec 05 18:15:45 2005,notice,jk2_init() Found child 6652 in scoreboard slot 7,E1,jk2_init() Found child <*> in scoreboard slot <*>
1934,1934,1935,Mon Dec 05 18:15:45 2005,notice,jk2_init() Found child 6651 in scoreboard slot 8,E1,jk2_init() Found child <*> in scoreboard slot <*>
1935,1935,1936,Mon Dec 05 18:15:47 2005,notice,workerEnv.init() ok /etc/httpd/conf/workers2.properties,E2,workerEnv.init() ok <*>
1936,1936,1937,Mon Dec 05 18:15:47 2005,notice,workerEnv.init() ok /etc/httpd/conf/workers2.properties,E2,workerEnv.init() ok <*>
1937,1937,1938,Mon Dec 05 18:15:47 2005,error,mod_jk child workerEnv in error state 6,E3,mod_jk child workerEnv in error state <*>
1938,1938,1939,Mon Dec 05 18:15:47 2005,error,mod_jk child workerEnv in error state 6,E3,mod_jk child workerEnv in error state <*>
1939,1939,1940,Mon Dec 05 18:20:51 2005,notice,jk2_init() Found child 6670 in scoreboard slot 7,E1,jk2_init() Found child <*> in scoreboard slot <*>
1940,1940,1941,Mon Dec 05 18:20:51 2005,notice,jk2_init() Found child 6669 in scoreboard slot 8,E1,jk2_init() Found child <*> in scoreboard slot <*>
1941,1941,1942,Mon Dec 05 18:20:53 2005,notice,workerEnv.init() ok /etc/httpd/conf/workers2.properties,E2,workerEnv.init() ok <*>
1942,1942,1943,Mon Dec 05 18:20:53 2005,error,mod_jk child workerEnv in error state 6,E3,mod_jk child workerEnv in error state <*>
1943,1943,1944,Mon Dec 05 18:20:53 2005,notice,workerEnv.init() ok /etc/httpd/conf/workers2.properties,E2,workerEnv.init() ok <*>
1944,1944,1945,Mon Dec 05 18:20:53 2005,error,mod_jk child workerEnv in error state 6,E3,mod_jk child workerEnv in error state <*>
1945,1945,1946,Mon Dec 05 18:26:06 2005,notice,jk2_init() Found child 6684 in scoreboard slot 7,E1,jk2_init() Found child <*> in scoreboard slot <*>
1946,1946,1947,Mon Dec 05 18:27:29 2005,notice,jk2_init() Found child 6688 in scoreboard slot 8,E1,jk2_init() Found child <*> in scoreboard slot <*>
1947,1947,1948,Mon Dec 05 18:27:33 2005,notice,workerEnv.init() ok /etc/httpd/conf/workers2.properties,E2,workerEnv.init() ok <*>
1948,1948,1949,Mon Dec 05 18:27:33 2005,error,mod_jk child workerEnv in error state 6,E3,mod_jk child workerEnv in error state <*>
1949,1949,1950,Mon Dec 05 18:27:37 2005,notice,jk2_init() Found child 6689 in scoreboard slot 7,E1,jk2_init() Found child <*> in scoreboard slot <*>
1950,1950,1951,Mon Dec 05 18:27:37 2005,notice,workerEnv.init() ok /etc/httpd/conf/workers2.properties,E2,workerEnv.init() ok <*>
1951,1951,1952,Mon Dec 05 18:27:37 2005,error,mod_jk child workerEnv in error state 7,E3,mod_jk child workerEnv in error state <*>
1952,1952,1953,Mon Dec 05 18:35:51 2005,notice,jk2_init() Found child 6707 in scoreboard slot 8,E1,jk2_init() Found child <*> in scoreboard slot <*>
1953,1953,1954,Mon Dec 05 18:35:51 2005,notice,jk2_init() Found child 6708 in scoreboard slot 7,E1,jk2_init() Found child <*> in scoreboard slot <*>
1954,1954,1955,Mon Dec 05 18:35:53 2005,notice,workerEnv.init() ok /etc/httpd/conf/workers2.properties,E2,workerEnv.init() ok <*>
1955,1955,1956,Mon Dec 05 18:35:53 2005,error,mod_jk child workerEnv in error state 6,E3,mod_jk child workerEnv in error state <*>
1956,1956,1957,Mon Dec 05 18:35:53 2005,notice,workerEnv.init() ok /etc/httpd/conf/workers2.properties,E2,workerEnv.init() ok <*>
1957,1957,1958,Mon Dec 05 18:35:53 2005,error,mod_jk child workerEnv in error state 6,E3,mod_jk child workerEnv in error state <*>
1958,1958,1959,Mon Dec 05 18:40:54 2005,notice,jk2_init() Found child 6719 in scoreboard slot 7,E1,jk2_init() Found child <*> in scoreboard slot <*>
1959,1959,1960,Mon Dec 05 18:40:54 2005,notice,jk2_init() Found child 6718 in scoreboard slot 8,E1,jk2_init() Found child <*> in scoreboard slot <*>
1960,1960,1961,Mon Dec 05 18:40:54 2005,notice,workerEnv.init() ok /etc/httpd/conf/workers2.properties,E2,workerEnv.init() ok <*>
1961,1961,1962,Mon Dec 05 18:40:54 2005,error,mod_jk child workerEnv in error state 6,E3,mod_jk child workerEnv in error state <*>
1962,1962,1963,Mon Dec 05 18:40:54 2005,notice,workerEnv.init() ok /etc/httpd/conf/workers2.properties,E2,workerEnv.init() ok <*>
1963,1963,1964,Mon Dec 05 18:40:54 2005,error,mod_jk child workerEnv in error state 6,E3,mod_jk child workerEnv in error state <*>
1964,1964,1965,Mon Dec 05 18:45:51 2005,notice,jk2_init() Found child 6725 in scoreboard slot 7,E1,jk2_init() Found child <*> in scoreboard slot <*>
1965,1965,1966,Mon Dec 05 18:45:51 2005,notice,jk2_init() Found child 6724 in scoreboard slot 8,E1,jk2_init() Found child <*> in scoreboard slot <*>
1966,1966,1967,Mon Dec 05 18:45:53 2005,notice,workerEnv.init() ok /etc/httpd/conf/workers2.properties,E2,workerEnv.init() ok <*>
1967,1967,1968,Mon Dec 05 18:45:53 2005,error,mod_jk child workerEnv in error state 6,E3,mod_jk child workerEnv in error state <*>
1968,1968,1969,Mon Dec 05 18:45:53 2005,notice,workerEnv.init() ok /etc/httpd/conf/workers2.properties,E2,workerEnv.init() ok <*>
1969,1969,1970,Mon Dec 05 18:45:53 2005,error,mod_jk child workerEnv in error state 6,E3,mod_jk child workerEnv in error state <*>
1970,1970,1971,Mon Dec 05 18:50:30 2005,notice,jk2_init() Found child 6733 in scoreboard slot 8,E1,jk2_init() Found child <*> in scoreboard slot <*>
1971,1971,1972,Mon Dec 05 18:50:31 2005,notice,workerEnv.init() ok /etc/httpd/conf/workers2.properties,E2,workerEnv.init() ok <*>
1972,1972,1973,Mon Dec 05 18:50:31 2005,error,mod_jk child workerEnv in error state 6,E3,mod_jk child workerEnv in error state <*>
1973,1973,1974,Mon Dec 05 18:56:03 2005,notice,jk2_init() Found child 6740 in scoreboard slot 7,E1,jk2_init() Found child <*> in scoreboard slot <*>
1974,1974,1975,Mon Dec 05 18:56:03 2005,notice,jk2_init() Found child 6741 in scoreboard slot 8,E1,jk2_init() Found child <*> in scoreboard slot <*>
1975,1975,1976,Mon Dec 05 18:56:04 2005,notice,workerEnv.init() ok /etc/httpd/conf/workers2.properties,E2,workerEnv.init() ok <*>
1976,1976,1977,Mon Dec 05 18:56:04 2005,error,mod_jk child workerEnv in error state 6,E3,mod_jk child workerEnv in error state <*>
1977,1977,1978,Mon Dec 05 18:56:04 2005,notice,workerEnv.init() ok /etc/httpd/conf/workers2.properties,E2,workerEnv.init() ok <*>
1978,1978,1979,Mon Dec 05 18:56:04 2005,error,mod_jk child workerEnv in error state 6,E3,mod_jk child workerEnv in error state <*>
1979,1979,1980,Mon Dec 05 19:00:43 2005,notice,jk2_init() Found child 6750 in scoreboard slot 8,E1,jk2_init() Found child <*> in scoreboard slot <*>
1980,1980,1981,Mon Dec 05 19:00:43 2005,notice,jk2_init() Found child 6749 in scoreboard slot 7,E1,jk2_init() Found child <*> in scoreboard slot <*>
1981,1981,1982,Mon Dec 05 19:00:44 2005,notice,workerEnv.init() ok /etc/httpd/conf/workers2.properties,E2,workerEnv.init() ok <*>
1982,1982,1983,Mon Dec 05 19:00:44 2005,notice,workerEnv.init() ok /etc/httpd/conf/workers2.properties,E2,workerEnv.init() ok <*>
1983,1983,1984,Mon Dec 05 19:00:44 2005,error,mod_jk child workerEnv in error state 6,E3,mod_jk child workerEnv in error state <*>
1984,1984,1985,Mon Dec 05 19:00:44 2005,error,mod_jk child workerEnv in error state 6,E3,mod_jk child workerEnv in error state <*>
1985,1985,1986,Mon Dec 05 19:00:54 2005,notice,jk2_init() Found child 6751 in scoreboard slot 10,E1,jk2_init() Found child <*> in scoreboard slot <*>
1986,1986,1987,Mon Dec 05 19:00:54 2005,notice,workerEnv.init() ok /etc/httpd/conf/workers2.properties,E2,workerEnv.init() ok <*>
1987,1987,1988,Mon Dec 05 19:00:54 2005,error,mod_jk child workerEnv in error state 6,E3,mod_jk child workerEnv in error state <*>
1988,1988,1989,Mon Dec 05 19:00:56 2005,error,[client 68.228.3.15] Directory index forbidden by rule: /var/www/html/,E4,[client <*>] Directory index forbidden by rule: <*>
1989,1989,1990,Mon Dec 05 19:11:00 2005,notice,jk2_init() Found child 6780 in scoreboard slot 7,E1,jk2_init() Found child <*> in scoreboard slot <*>
1990,1990,1991,Mon Dec 05 19:11:04 2005,notice,workerEnv.init() ok /etc/httpd/conf/workers2.properties,E2,workerEnv.init() ok <*>
1991,1991,1992,Mon Dec 05 19:11:04 2005,error,mod_jk child workerEnv in error state 6,E3,mod_jk child workerEnv in error state <*>
1992,1992,1993,Mon Dec 05 19:14:08 2005,notice,jk2_init() Found child 6784 in scoreboard slot 8,E1,jk2_init() Found child <*> in scoreboard slot <*>
1993,1993,1994,Mon Dec 05 19:14:09 2005,error,[client 61.220.139.68] Directory index forbidden by rule: /var/www/html/,E4,[client <*>] Directory index forbidden by rule: <*>
1994,1994,1995,Mon Dec 05 19:14:11 2005,notice,workerEnv.init() ok /etc/httpd/conf/workers2.properties,E2,workerEnv.init() ok <*>
1995,1995,1996,Mon Dec 05 19:14:11 2005,error,mod_jk child workerEnv in error state 6,E3,mod_jk child workerEnv in error state <*>
1996,1996,1997,Mon Dec 05 19:15:55 2005,notice,jk2_init() Found child 6791 in scoreboard slot 8,E1,jk2_init() Found child <*> in scoreboard slot <*>
1997,1997,1998,Mon Dec 05 19:15:55 2005,notice,jk2_init() Found child 6790 in scoreboard slot 7,E1,jk2_init() Found child <*> in scoreboard slot <*>
1998,1998,1999,Mon Dec 05 19:15:57 2005,notice,workerEnv.init() ok /etc/httpd/conf/workers2.properties,E2,workerEnv.init() ok <*>
1999,1999,2000,Mon Dec 05 19:15:57 2005,error,mod_jk child workerEnv in error state 6,E3,mod_jk child workerEnv in error state <*>
